  0.27750000000000002        1.6445591274413820       0.82984612829385451        1.0164273920529206E-002   1.3744392449882198E-005   2.7654928670678607E-003   3.6523153421357096E-006  0.26095065737877959        3.1691108532992630E-003   3.1251863467637326E-003   4.1571433164535162E-006   2.7654928670678607E-003   3.6523153421357096E-006
  0.29249999999999998        1.2995767335132666        1.3123723093463999        1.1344895439104949E-002   1.3872859807439637E-005   3.0783592294090262E-003   3.6662124045147282E-006  0.32827652629161114        2.9660347758329465E-002   3.4815956966476862E-003   4.1799610602406814E-006   3.0783592294090262E-003   3.6662124045147282E-006
  0.30750000000000000        1.0009505589781948        1.5540916110871472        1.2599629847332899E-002   1.4010553587497882E-005   3.4089806489717061E-003   3.6809485854943193E-006  0.38969844036814505        8.2433503432961436E-002   3.8588837017976092E-003   4.2042660513445564E-006   3.4089806489717061E-003   3.6809485854943193E-006
  0.32250000000000001       0.74239494560838337        1.6938562417684242        1.3930567822969264E-002   1.4157929918185334E-005   3.7575661026380989E-003   3.6965418004819322E-006  0.43591138182078421       0.15233578571821088        4.2574052870001941E-003   4.2301086070581928E-006   3.7575661026380989E-003   3.6965418004819322E-006
  0.33750000000000002       0.51728806200718425        1.7761670807749887        1.5339975020842264E-002   1.4315490442913580E-005   4.1243378507610142E-003   3.7130112217113872E-006  0.46468731066032815       0.23090327299726673        4.6775409827192029E-003   4.2575433373527463E-006   4.1243378507610142E-003   3.7130112217113872E-006
  0.35249999999999998       0.32017518951583068        1.8224411214324014        1.6830305638052476E-002   1.4483787047670185E-005   4.5095319041184995E-003   3.7303773399655879E-006  0.47699957676534771       0.31192318502423899        5.1196983307184949E-003   4.2866294863264340E-006   4.5095319041184995E-003   3.7303773399655879E-006
  0.36749999999999999       0.14662864554656951        1.8448244321889131        1.8404217601292995E-002   1.4663427256773410E-005   4.9133985267838191E-003   3.7486620316256353E-006  0.47508794103620400       0.39125742167929967        5.5843134290745507E-003   4.3174313141554545E-006   4.9133985267838191E-003   3.7486620316256353E-006
  0.38250000000000001       -6.9492186454849364E-003   1.8508524366514678        2.0064589593862064E-002   1.4855080404968115E-005   5.3362027772715388E-003   3.7678886314781060E-006  0.46151762665888790       0.46635052153763479        6.0718526311841093E-003   4.3500185248793707E-006   5.3362027772715388E-003   3.7678886314781060E-006
  0.39750000000000002      -0.14350087727018734        1.8454710429222780        2.1814540176458730E-002   1.5059484714640498E-005   5.7782250905481381E-003   3.7880820117589185E-006  0.43874560791633505       0.53576602312318033        6.5828144154042069E-003   4.3844667462251460E-006   5.7782250905481381E-003   3.7880820117589185E-006
  0.41249999999999998      -0.26544766213506438        1.8320534403635476        2.3657449299429610E-002   1.5277455432462789E-005   6.2397619037456477E-003   3.8092686679642624E-006  0.40894339497596122       0.59882441762151561        7.1177314443159733E-003   4.4208580687086390E-006   6.2397619037456477E-003   3.8092686679642624E-006
  0.42749999999999999      -0.37479904138427228        1.8129644221588048        2.5596982556363900E-002   1.5509894211127664E-005   6.7211263286918671E-003   3.8314768120170193E-006  0.37394651574833360       0.65534048738052175        7.6771728353418837E-003   4.4592816524854707E-006   6.7211263286918671E-003   3.8314768120170193E-006
  0.44250000000000000      -0.47322892489153684        1.7898959746057286        2.7637118591816660E-002   1.5757799960514868E-005   7.2226488746739868E-003   3.8547364734419777E-006  0.33526366215959985       0.70543986405686754        8.2617466676427314E-003   4.4998344118991078E-006   7.2226488746739868E-003   3.8547364734419777E-006
  0.45750000000000002      -0.56214352690925751        1.7640774364517178        2.9782180152007044E-002   1.6022281440616414E-005   7.7446782251872903E-003   3.8790796092757557E-006  0.29411090842686410       0.74943398148078333        8.8721027539668991E-003   4.5426217894480386E-006   7.7446782251872903E-003   3.8790796092757557E-006
  0.47249999999999998      -0.64273060770729329        1.7364123524914126        3.2036869359805042E-002   1.6304571928398147E-005   8.2875820727909572E-003   3.9045402235188267E-006  0.25145399461239598       0.78773645140843285        9.5089357105320686E-003   4.5877586330361358E-006   8.2875820727909572E-003   3.9045402235188267E-006
  0.48749999999999999      -0.71599778526615010        1.7075704284210802        3.4406307908303513E-002   1.6606046365861725E-005   8.8517480166033936E-003   3.9311544970286104E-006  0.20805015782164310       0.82080819076367706        1.0172988363226833E-002   4.6353701929692149E-006   8.8517480166033936E-003   3.9311544970286104E-006
  0.50249999999999995      -0.78280532789999246        1.6780509079444752        3.6896083006069877E-002   1.6928241491344914E-005   9.4375845274250695E-003   3.9589609288557306E-006  0.16448603494237188       0.84912222242851088        1.0865055534598319E-002   4.6855932583295445E-006   9.4375845274250695E-003   3.9589609288557306E-006
  0.51749999999999996      -0.84388971346919917        1.6482271484395861        3.9512300078652918E-002   1.7272879576491808E-005   1.0045521985983234E-002   3.9880004901418590E-006  0.12121035276744382       0.87314179039900985        1.1585988263455842E-002   4.7385774562436077E-006   1.0045521985983234E-002   3.9880004901418590E-006
  0.53249999999999997      -0.89988836819886076        1.6183785620032798        4.2261643444051908E-002   1.7641896545301282E-005   1.0676013800357091E-002   4.0183167918290544E-006   7.8561342934518719E-002  0.89330739311493157        1.2336698517739230E-002   4.7944867423441020E-006   1.0676013800357091E-002   4.0183167918290544E-006
  0.54749999999999999      -0.95134659226394303        1.5887138217132244        4.5151446446437968E-002   1.8037475450006998E-005   1.1329537609271269E-002   4.0499562675793918E-006   3.6789312111563138E-002  0.91002972076214228        1.3118164471913477E-002   4.8535011166589438E-006   1.1329537609271269E-002   4.0499562675793918E-006
  0.56250000000000000      -0.99874528893839343        1.5593879106076596        4.8189772868095705E-002   1.8462086535986619E-005   1.2006596578648863E-002   4.0829683734725852E-006  -3.9250029043239876E-003  0.92368644451406956        1.3931436432991082E-002   4.9158186065570643E-006   1.2006596578648863E-002   4.0829683734725852E-006
  0.57750000000000001       -1.0424994989017793        1.5305148947289944        5.1385511865257118E-002   1.8918535464759136E-005   1.2707720799602919E-002   4.1174058062412882E-006  -4.3455598070616566E-002  0.93462146779712452        1.4777643514904064E-002   4.9816575676653732E-006   1.2707720799602919E-002   4.1174058062412882E-006
  0.59250000000000003       -1.0829734213861433        1.5021774257748921        5.4748489217474910E-002   1.9410021708707391E-005   1.3433468796928510E-002   4.1533247420224556E-006  -8.1719310259770209E-002  0.94314570290487287        1.5658001180063243E-002   5.0512593654050106E-006   1.3433468796928510E-002   4.1533247420224556E-006
  0.60750000000000004       -1.1204868873211042        1.4744340078507683        5.8289598380924963E-002   1.9940209723304196E-005   1.4184429158150283E-002   4.1907850978527108E-006 -0.11866632950332809       0.94953874725144649        1.6573819790482437E-002   5.1248915147336705E-006   1.4184429158150283E-002   4.1907850978527108E-006
  0.62250000000000005       -1.1553216836836055        1.4473245169414439        6.2020955746538917E-002   2.0513316299069061E-005   1.4961222294297857E-002   4.2298469868883992E-006 -0.15427261442033469       0.95405104362427051        1.7526514340028145E-002   5.2028513748482118E-006   1.4961222294297857E-002   4.2298469868883992E-006
  0.63749999999999996       -1.1877268609310319        1.4208744732158438        6.5956085697937636E-002   2.1134218578042857E-005   1.5764502344842026E-002   4.2705862834155405E-006 -0.18853388327547446       0.95690627582203025        1.8517615575793022E-002   5.2854705204023587E-006   1.5764502344842026E-002   4.2705862834155405E-006
  0.65249999999999997       -1.2179229518237782        1.3950982774289593        7.0110142645711082E-002   2.1808588707724586E-005   1.6594959240649493E-002   4.3130722035588659E-006 -0.22146085813639660       0.95830376207114376        1.9548782762437347E-002   5.3731199431724096E-006   1.6594959240649493E-002   4.3130722035588659E-006
  0.66749999999999998       -1.2461066527230413        1.3700018044273774        7.4500179331971658E-002   2.2543063176172346E-005   1.7453320940427217E-002   4.3573827927040312E-006 -0.25307547827757332       0.95842084798119709        2.0621818401502779E-002   5.4662162807846414E-006   1.7453320940427217E-002   4.3573827927040312E-006
  0.68250000000000000       -1.2724527737272446        1.3455843716382101        7.9145473566814978E-002   2.3345457791559483E-005   1.8340355857958610E-002   4.4036015862465739E-006 -0.28340793920105656       0.95741512830989106        2.1738685292141933E-002   5.5652293259691786E-006   1.8340355857958610E-002   4.4036015862465739E-006
  0.69750000000000001       -1.2971177782489649        1.3218402895457579        8.4067929491268845E-002   2.4225043444984460E-005   1.9256875499516112E-002   4.4518180736639393E-006 -0.31249435623147248       0.95542652894192770        2.2901526415901690E-002   5.6706911463891257E-006   1.9256875499516112E-002   4.4518180736639393E-006
  0.71250000000000002       -1.3202422625556698        1.2987600954777241        8.9292574929341520E-002   2.5192881653729375E-005   2.0203737333208256E-002   4.5021282118179581E-006 -0.34037491419368360       0.95257921145762747        2.4112688253807135E-002   5.7832072495312221E-006   2.0203737333208256E-002   4.5021282118179581E-006
  0.72750000000000004       -1.3419502925932170        1.2763314971685822        9.4848184108269465E-002   2.6262381160658893E-005   2.1181847914730514E-002   4.5546349936606871E-006 -0.36709240679822158       0.94898330324183933        2.5374748309884211E-002   5.9034703714794203E-006   2.1181847914730514E-002   4.5546349936606871E-006
  0.74250000000000005       -1.3623560531291299        1.2545401340772588       0.10076806609518837        2.7449802168182452E-005   2.2192166297094144E-002   4.6094490794235801E-006 -0.39269136172492936       0.94473645650513804        2.6690547837089417E-002   6.0322776708051653E-006   2.2192166297094144E-002   4.6094490794235801E-006
  0.75749999999999995       -1.3815616541083295        1.2333701703503945       0.10709107546574856        2.8775162286362417E-005   2.3235707755470784E-002   4.6666894984302135E-006 -0.41721667474407570       0.93992524455260651        2.8063231062324657E-002   6.1705523972681535E-006   2.3235707755470784E-002   4.6666894984302135E-006
  0.77249999999999996       -1.3996593906784951        1.2128047619856051       0.11386292581022768        3.0263413691768055E-005   2.4313547862391632E-002   4.7264844309154470E-006 -0.44071346587221960       0.93462641087566323        2.9496292621049254E-002   6.3193772824592142E-006   2.4313547862391632E-002   4.7264844309154470E-006
  0.78749999999999998       -1.4167328601187055        1.1928264239348068       0.12113792338607070        3.1946049657413769E-005   2.5426826953271101E-002   4.7889720806949132E-006 -0.46322632689617171       0.92890797967692296        3.0993635491140138E-002   6.4800072058376694E-006   2.5426826953271101E-002   4.7889720806949132E-006
  0.80249999999999999       -1.4328579132434487        1.1734173178311060       0.12898129556089771        3.3863442985057691E-005   2.6576755027698747E-002   4.8543016512512711E-006 -0.48479899007840754       0.92283024270733449        3.2559642541457018E-002   6.6539505649465271E-006   2.6576755027698747E-002   4.8543016512512711E-006
  0.81750000000000000       -1.4481025800859777        1.1545426436920017       0.13747238081828267        3.6068267543642616E-005   2.7764617138292869E-002   4.9226344398416172E-006 -0.50547406791586746       0.91643327271113006        3.4199266013213263E-002   6.8430086667633608E-006   2.7764617138292869E-002   4.9226344398416172E-006
  0.83250000000000002       -1.4625315342580896        1.1362349831796301       0.14670909997382844        3.8630659595377057E-005   2.8991753053494173E-002   4.9941450666488670E-006 -0.52529284955003175       0.90980451141970398        3.5918141046168743E-002   7.0493663399355917E-006   2.8991753053494173E-002   4.9941450666488670E-006
  0.84750000000000003       -1.4762011427485240        1.1184260967517183       0.15681439149753118        4.1646261518412158E-005   3.0259667515838844E-002   5.0690228588803304E-006 -0.54429518238417418       0.90294583160700070        3.7722732112039144E-002   7.2757098499093611E-006   3.0259667515838844E-002   5.0690228588803304E-006
  0.86250000000000004       -1.4891637674677574        1.1011153640744431       0.16794560942730924        4.5249248432317307E-005   3.1569883926922220E-002   5.1474734131591180E-006 -0.56251937571374755       0.89590776993940158        3.9620525570667579E-002   7.5253950537794894E-006   3.1569883926922220E-002   5.1474734131591180E-006
  0.87749999999999995       -1.5014673206533637        1.0842856920472999       0.18030985680096862        4.9634416861191405E-005   3.2924053449519410E-002   5.2297203636837762E-006 -0.58000215180865577       0.88872325201695879        4.1620288716746057E-002   7.8026946819023827E-006   3.2924053449519410E-002   5.2297203636837762E-006
  0.89249999999999996       -1.5131557424572981        1.0679204074782713       0.19418685855572901        5.5096800074805306E-005   3.4323938962804050E-002   5.3160073886050921E-006 -0.59677864737826147       0.88142143324897981        4.3732427971623376E-002   8.1131757380452455E-006   3.4323938962804050E-002   5.3160073886050921E-006
  0.90749999999999997       -1.5242693604951223        1.0520032942514477       0.20997006157999315        6.2107816958371361E-005   3.5771424979182447E-002   5.4066004930828483E-006 -0.61288240411867378       0.87402811585961693        4.5969501157889558E-002   8.4643025431059554E-006   3.5771424979182447E-002   5.4066004930828483E-006
  0.92249999999999999       -1.5348452566604807        1.0365186234455748       0.22824087249659075        7.1475961582011434E-005   3.7268528707176521E-002   5.5017906147884247E-006 -0.62834539520733235       0.86656612528331367        4.8346982033739064E-002   8.8664582873165766E-006   3.7268528707176521E-002   5.5017906147884247E-006
  0.93750000000000000       -1.5449175673123094        1.0214511708691383       0.24991904975324519        8.4728202091514360E-005   3.8817412423620058E-002   5.6018966065266735E-006 -0.64319805936997643       0.85905563986825750        5.0884466808473361E-002   9.3348144863217499E-006   3.8817412423620058E-002   5.6018966065266735E-006
  0.95250000000000001       -1.5545162860158717        1.0067862255276054       0.27661173106318232        1.0519145345780412E-004   4.0420397346423546E-002   5.7072686615660934E-006 -0.65746786547221869       0.85151448280132169        5.3607730388706885E-002   9.8931419990766664E-006   4.0420397346423546E-002   5.7072686615660934E-006
  0.96750000000000003       -1.5636748996763545       0.99250959250771331       0.31161767054947542        1.4204067482449789E-004   4.2079979232805938E-002   5.8182922607075928E-006 -0.67118675717368736       0.84395838157767300        5.6552656224464225E-002   1.0582969347415444E-005   4.2079979232805938E-002   5.8182922607075928E-006
  0.98250000000000004       -1.5724158080271855       0.97860759189756197       0.36427829127127176        2.3678742429212335E-004   4.3798845968510164E-002   5.9353927367582256E-006 -0.68437642295438950       0.83640119867766560        5.9774378166154794E-002   1.1493193866641639E-005   4.3798845968510164E-002   5.9353927367582256E-006
  0.99750000000000005       -1.5807653542596254       0.96506705104803214       0.49707626499848045        6.7646670768641795E-002   4.5579897462794935E-002   6.0590405727777500E-006 -0.69706313368206463       0.82885513510008979        6.3384398341586920E-002   1.4429359348629439E-005   4.5579897462794935E-002   6.0590405727777500E-006
   1.0125000000000000       -1.5887467047935875       0.95187529737291243       0.46815284605194768       0.18159649926452065        4.7426268224066606E-002   6.1897575763717381E-006 -0.70927056511479258       0.82133091181982243        6.7585780548111388E-002   2.2280177511115089E-004   4.7426268224066606E-002   6.1897575763717381E-006
   1.0275000000000001       -1.5963806976241437       0.93902014681919344       0.44009670121141514       0.24194179402890387        4.9341353064638695E-002   6.3281241049176109E-006 -0.72102072552900709       0.81383793097686952        7.2248622843543955E-002   9.4138089593202379E-004   4.9341353064638695E-002   6.3281241049176109E-006
   1.0425000000000000       -1.6036873190816054       0.92648988705045709       0.41320548738882767       0.28551622357089379        5.1328836473835626E-002   6.4747875579242594E-006 -0.73233429703753594       0.80638441823402895        7.7177492557677113E-002   2.2604034471730011E-003   5.1328836473835626E-002   6.4747875579242594E-006
   1.0575000000000001       -1.6106864833443844       0.91427327123757063       0.38743713101474420       0.31964678771843169        5.3392726311126085E-002   6.6304724054126398E-006 -0.74323256868910215       0.79897755087200617        8.2216243133622913E-002   4.1943558305236077E-003   5.3392726311126085E-002   6.6304724054126398E-006
   1.0725000000000000       -1.6173931694978292       0.90235950692843259       0.36273587527832984       0.34744881823542972        5.5537392611251672E-002   6.7959920888679698E-006 -0.75373395335113802       0.79162358113051701        8.7241713613459698E-002   6.7222627367357875E-003   5.5537392611251672E-002   6.7959920888679698E-006
   1.0874999999999999       -1.6238242442006343       0.89073821141948906       0.33904559318251926       0.37061872302862153        5.7767612469442745E-002   6.9722632188618928E-006 -0.76385648834044806       0.78432790785411788        9.2157027613301010E-002   9.8045451911186361E-003   5.7767612469442745E-002   6.9722632188618928E-006
   1.1025000000000000       -1.6299946011048945       0.87939943370083062       0.31631386894576963       0.39021233856100918        6.0088622197487541E-002   7.1603226076189357E-006 -0.77361726669315656       0.77709520090674233        9.6887335268790106E-002   1.3392052820640543E-002   6.0088622197487541E-002   7.1603226076189357E-006
   1.1174999999999999       -1.6359181481025502       0.86833361872361137       0.29448944322702597       0.40694483040674156        6.2506178225049017E-002   7.3613478249658861E-006 -0.78303250537101676       0.76992946279646735       0.10137577688416040        1.7431383336549675E-002   6.2506178225049017E-002   7.3613478249658861E-006
   1.1325000000000001       -1.6416078731716919       0.85753159526220690       0.27352501847669386       0.42132972790492107        6.5026628584757634E-002   7.5766821653824009E-006 -0.79211757981186337       0.76283410426286902       0.10558021019823019        2.1868148615189126E-002   6.5026628584757634E-002   7.5766821653824009E-006
   1.1475000000000000       -1.6470759170835267       0.84698456138333600       0.25337669547524200       0.43375180753956216        6.7656997291072801E-002   7.8078651808846799E-006 -0.80088707072796173       0.75581200834602236       0.10947051276734261        2.6649004597632586E-002   6.7656997291072801E-002   7.8078651808846799E-006
   1.1625000000000001       -1.6523336639735522       0.83668406846582433       0.23400257695563220       0.44450883601857838        7.0405084538899113E-002   8.0566702959471707E-006 -0.80935483043638712       0.74886558751500809       0.11302633543540716        3.1722898552062187E-002   7.0405084538899113E-002   8.0566702959471707E-006
   1.1775000000000000       -1.6573917449173596       0.82662200702949273       0.21536360316659026       0.45383713307228479        7.3279586460635357E-002   8.3251536403932197E-006 -0.81753397447520615       0.74199683477588929       0.11623524630816932        3.7041805163326696E-002   7.3279586460635357E-002   8.3251536403932197E-006
   1.1924999999999999       -1.6622600614209124       0.81679059230380280       0.19742311953086611       0.46192807659219792        7.6290239263846801E-002   8.6157040470325281E-006 -0.82543689279890020       0.73520736941095466       0.11909119046296729        4.2561123235462996E-002   7.6290239263846801E-002   8.6157040470325281E-006
   1.2075000000000000       -1.6669482027180351       0.80716954085592929       0.18014622573547806       0.46893922261724330        7.9447994032767366E-002   8.9311297462325462E-006 -0.83307561812879960       0.72848691689822298       0.12159321617286513        4.8239845287723217E-002   7.9447994032767366E-002   8.9311297462325462E-006
   1.2224999999999999       -1.6714648169712707       0.79779010495070479       0.16350219308487479       0.47500206440377446        8.2765230471211190E-002   9.2747442851936452E-006 -0.84046125337977617       0.72187115067581420       0.12374442129992971        5.4040575593685372E-002   8.2765230471211190E-002   9.2747442851936452E-006
   1.2375000000000000       -1.6758181416574107       0.78860696374571027       0.14745870880137826       0.48022761002169062        8.6256020623461674E-002   9.6504905494523000E-006 -0.84760445083507807       0.71532611430989324       0.12555108126285347        5.9929448468497119E-002   8.6256020623461674E-002   9.6504905494523000E-006
   1.2524999999999999       -1.6800159818925486       0.77962630729648175       0.13198826233362465       0.48471049108926145        8.9936457482411900E-002   1.0063100043911091E-005 -0.85451537739680583       0.70886386197734930       0.12702193018375910        6.5875982423287849E-002   8.9936457482411900E-002   1.0063100043911091E-005
   1.2675000000000001       -1.6840656786083892       0.77084177559222888       0.11706348896922064       0.48853205810391276        9.3825068917655755E-002   1.0518294211925979E-005 -0.86120369555490439       0.70248467850042551       0.12816757047089142        7.1852895253458310E-002   9.3825068917655755E-002   1.0518294211925979E-005
   1.2825000000000000       -1.6879740982835940       0.76224725774117941       0.10265917330512334       0.49176275311069062        9.7943345373543642E-002   1.1023105131010981E-005 -0.86767854981594861       0.69618866494900478       0.12899998175661134        7.7835897284893318E-002   9.7943345373543642E-002   1.1023105131010981E-005
   1.2975000000000001       -1.6917477459331152       0.75383688036294672        8.8751443999617263E-002  0.49446395819761169       0.10231642165281823        1.1586208204674081E-005 -0.87394866615381828       0.68997575921332255       0.12953212826503160        8.3803474396009936E-002  0.10231642165281823        1.1586208204674081E-005
   1.3125000000000000       -1.6953927522542114       0.74560499815607983        7.5317670034995163E-002  0.49668947772771588       0.10697397104639493        1.2218496201601260E-005 -0.88002232989755380       0.68384575594815922       0.12977762875690474        8.9736673356684893E-002  0.10697397104639493        1.2218496201601260E-005
   1.3274999999999999       -1.6989148689005171       0.73754618184663556        6.2336616696660879E-002  0.49848667467972818       0.11195139787421952        1.2933835584910854E-005 -0.88590819284136768       0.67779832174420229       0.12975049718655285        9.5618882243816233E-002  0.11195139787421952        1.2933835584910854E-005
   1.3425000000000000       -1.7023195931455342       0.72965521057679328        4.9788133825621819E-002  0.49989745795694351       0.11729145877608123        1.3750178861571838E-005 -0.89161228491689293       0.67183301220244473       0.12946491958450262       0.10143563114794385       0.11729145877608123        1.3750178861571838E-005
   1.3574999999999999       -1.7056120707542686       0.72192706232324444        3.7653220971055765E-002  0.50095904284777060       0.12304651581523496        1.4691226238744751E-005 -0.89714249326866358       0.66594928524308783       0.12893508790879626       0.10717439410160995       0.12304651581523496        1.4691226238744751E-005
   1.3725000000000001       -1.7087971837141160       0.71435690412640873        2.5913965474355150E-002  0.50170459728039529       0.12928174825221167        1.5788986710518496E-005 -0.90250563718567212       0.66014651244045053       0.12817507962087790       0.11282440632073987       0.12928174825221167        1.5788986710518496E-005
   1.3875000000000000       -1.7118795509674425       0.70694008174586864        1.4553321572176522E-002  0.50216377768847498       0.13607986948865117        1.7087873097113729E-005 -0.90770821545127500       0.65442398818049330       0.12719870898693697       0.11837649329944069       0.13607986948865117        1.7087873097113729E-005
   1.4025000000000001       -1.7148635389999969       0.69967212784703836        3.5550796775423166E-003  0.50236317833530753       0.14354830484778131        1.8651542816973223E-005 -0.91275641480342173       0.64878095449079876       0.12601948606583460       0.12382291243416868       0.14354830484778131        1.8651542816973223E-005
   1.4175000000000000       -1.7177532963418543       0.69254872058084138       -7.0958051275957501E-003  0.50232671143027818       0.15183059383321840        2.0574949156072904E-005 -0.91765614968032339       0.64321657858076142       0.12465053114160328       0.12915720705602340       0.15183059383321840        2.0574949156072904E-005
   1.4325000000000001       -1.7205527339984201       0.68556571107265185       -1.7413904367599375E-002  0.50207593006881335       0.16112533286762029        2.3006997872710135E-005 -0.92241303996849089       0.63772999293238219       0.12310453243562081       0.13437407248967220       0.16112533286762029        2.3006997872710135E-005
   1.4475000000000000       -1.7232656131740676       0.67871909852934476       -2.7413000008460198E-002  0.50163030465290115       0.17172103517616913        2.6197064887846036E-005 -0.92703249748223648       0.63232028575818866       0.12139381496824120       0.13946923321203067       0.17172103517616913        2.6197064887846036E-005
   1.4624999999999999       -1.7258954239374014       0.67200502763327996       -3.7105920136897147E-002  0.50100746009432384       0.18406242635374434        3.0601269069698726E-005 -0.93151961448079001       0.62698651104989089       0.11952992710685216       0.14443933174676385       0.18406242635374434        3.0601269069698726E-005
   1.4775000000000000       -1.7284455532372540       0.66541978242448496       -4.6505502354111911E-002  0.50022338096043917       0.19890029396013403        3.7168039655889684E-005 -0.93587932443987409       0.62172769445257625       0.11752416529343879       0.14928182634019183       0.19890029396013403        3.7168039655889684E-005
   1.4924999999999999       -1.7309191729059901       0.65895977996931410       -5.5622853490038926E-002  0.49929258971513624       0.21769246005462536        4.8316128770027589E-005 -0.94011628915506784       0.61654283796568343       0.11538727038527238       0.15399489913475928       0.21769246005462536        4.8316128770027589E-005
   1.5075000000000001       -1.7333193159214160       0.65262156495542900       -6.4469426419022507E-002  0.49822830182445060       0.24411270713663774        7.3196274698586925E-005 -0.94423402382334765       0.61143092486044848       0.11312945638208585       0.15857737258353985       0.24411270713663774        7.3196274698586925E-005
   1.5225000000000000       -1.7356498499426047       0.64638907372221854       -7.3055970305688805E-002  0.49704256090620375       0.30021235075052510        2.9194910227136120E-004 -0.94823970461088936       0.60637898113332411       0.11076025233530928       0.16302863382277816       0.30021235075052510        2.9194910227136120E-004
   1.5375000000000001       -1.7379115603589075       0.64029728194576219       -8.1392306969575279E-002  0.49574635885586216       0.31651127802951712        8.5973847341859214E-002 -0.95213452076598293       0.60142179233986881       0.10828923442605516       0.16734856682512791       0.31651127802951712        8.5973847341859214E-002
   1.5525000000000000       -1.7401080351594231       0.63430489411521174       -8.9487345947022207E-002  0.49434973908673130       0.30414894448323776       0.12282732821514500      -0.95592335446523524       0.59652248047993850       0.10572512343213555       0.17153749050924680       0.30414894448323776       0.12282732821514500     
   1.5674999999999999       -1.7422417498658622       0.62842164433758285       -9.7351959670186117E-002  0.49286188976886303       0.29212093343462281       0.14922470509244595      -0.95960994587199355       0.59169193321175517       0.10307581934159885       0.17559610354213104       0.29212093343462281       0.14922470509244595     
   1.5825000000000000       -1.7443150739572051       0.62264463883368959      -0.10499435535869776       0.49129122960782845       0.28042770309125414       0.17020181783929400      -0.96319787600190943       0.58692909299690843       0.10034915322533849       0.17952543616426531       0.28042770309125414       0.17020181783929400     
   1.5974999999999999       -1.7463302737421746       0.61697108418888380      -0.11242216020702904       0.48964547196186037       0.26905966767582878       0.18766767358799497      -0.96669058450247025       0.58223290388996118        9.7552765944819861E-002  0.18332680237362584       0.26905966767582878       0.18766767358799497     
   1.6125000000000000       -1.7482894808626250       0.61139827937859259      -0.11964407920241978       0.48793169892215094       0.25800573162528645       0.20260330536520543      -0.97009133696384442       0.57760230982258465        9.4693446339745330E-002  0.18700176325510101       0.25800573162528645       0.20260330536520543     
   1.6274999999999999       -1.7501947671539764       0.60592361605324585      -0.12666963478760368       0.48615641432049550       0.24725532347154933       0.21559718646832327      -0.97340330037633882       0.57303626041186673        9.1777661700305449E-002  0.19055208942749677       0.24725532347154933       0.21559718646832327     
   1.6425000000000001       -1.7520480822670943       0.60054457230168823      -0.13349809274106261       0.48432559704753159       0.23679747237370014       0.22703777241560386      -0.97662948485126344       0.56853371008867004        8.8811652625076259E-002  0.19397972959527915       0.23679747237370014       0.22703777241560386     
   1.6575000000000000       -1.7538513403297071       0.59525871028658128      -0.14014472932379868       0.48244474724719955       0.22662181202090279       0.23719883901501615      -0.97977278010172741       0.56409362060317980        8.5801125263266248E-002  0.19728678184192069       0.22662181202090279       0.23719883901501615     
   1.6725000000000001       -1.7556062597293145       0.59006367232596713      -0.14661334492184969       0.48051892825299802       0.21671837528600074       0.24628274615920492      -0.98283595903683874       0.55971496172293134        8.2751464297821278E-002  0.20047546829873358       0.21671837528600074       0.24628274615920492     
   1.6875000000000000       -1.7573146043339405       0.58495717803387781      -0.15291024017736848       0.47855280420786256       0.20707760079105816       0.25444458062460407      -0.98582168702577000       0.55539671263243329        7.9667776297086060E-002  0.20354811237766945       0.20707760079105816       0.25444458062460407     
   1.7024999999999999       -1.7589779794099858       0.57993702110270462      -0.15904143954453676       0.47655067392981010       0.19769032455800636       0.26180661534266814      -0.98873250810124180       0.55113786271591036        7.6554776434093502E-002  0.20650711866070953       0.19769032455800636       0.26180661534266814     
   1.7175000000000000       -1.7605979743184572       0.57500106645258353      -0.16501270654606723       0.47451650174867699       0.18854776703256623       0.26846747389566300      -0.99157087784401099       0.54693741243062444        7.3416930922284712E-002  0.20935495506373153       0.18854776703256623       0.26846747389566300     
   1.7324999999999999       -1.7621760736103729       0.57014724747353474      -0.17082955285772078       0.47245394516728340       0.17964151797818906       0.27450820177446222      -0.99433914712528804       0.54279437403014619        7.0258382340588871E-002  0.21209413704554808       0.17964151797818906       0.27450820177446222     
   1.7475000000000001       -1.7637136914511513       0.56537356337901301      -0.17649725971811597       0.47036637981414947       0.17096326226766839       0.27999644111670169      -0.99703957412360622       0.53870777217265031        6.7082997989730067E-002  0.21472721344741419       0.17096326226766839       0.27999644111670169     
   1.7625000000000000       -1.7652122253320162       0.56067807639449785      -0.18202088124974902       0.46825692282131359       0.16250580857307786       0.28498939119242023      -0.99967433017768392       0.53467664416673144        6.3894406207580384E-002  0.21725675437479530       0.16250580857307786       0.28498939119242023     
   1.7775000000000001       -1.7666729756250028       0.55605890971997440      -0.18740526022788370       0.46612845306715400       0.15426148273109175       0.28953596383210872       -1.0022454979775508       0.53070004076410893        6.0695983427766761E-002  0.21968534023345923       0.15426148273109175       0.28953596383210872     
   1.7925000000000000       -1.7680972110254352       0.55151424554114326      -0.19265503941864276       0.46398363025407141       0.14622352755476783       0.29367838849812150       -1.0047550818209032       0.52677702682384808        5.7490874794974826E-002  0.22201555221295002       0.14622352755476783       0.29367838849812150     
   1.8075000000000001       -1.7694861326566658       0.54704232187875168      -0.19777466175929967       0.46182491223827743       0.13838435154369189       0.29745343136096869       -1.0072050116035658       0.52290668070306778        5.4282034714934327E-002  0.22424996403910386       0.13838435154369189       0.29745343136096869     
   1.8225000000000000       -1.7708409000695833       0.54264143059302583      -0.20276817979450365       0.45965457047937441       0.13073806611103772       0.30089333745868296       -1.0095971392408047       0.51908809459574523        5.1072136701053997E-002  0.22639113459984639       0.13073806611103772       0.30089333745868296     
   1.8374999999999999       -1.7721626207642682       0.53830991618559376      -0.20764012840406987       0.45747470488241571       0.12327815811100171       0.30402656992913957       -1.0119332443790292       0.51532037549352583        4.7863735120941740E-002  0.22844160189471491       0.12327815811100171       0.30402656992913957     
   1.8525000000000000       -1.7734523689356592       0.53404617344310235      -0.21239421357924707       0.45528726106759088       0.11599871047706076       0.30687839799167621       -1.0142150503515557       0.51160264490817076        4.4659177524251699E-002  0.23040387971180809       0.11599871047706076       0.30687839799167621     
   1.8674999999999999       -1.7747111561935474       0.52984864538388088      -0.21703420567846030       0.45309401947717554       0.10889390994322368       0.30947137126143792       -1.0164441970681166       0.50793403875962295        4.1460640802847434E-002  0.23228044136871295       0.10889390994322368       0.30947137126143792     
   1.8825000000000001       -1.7759399829353959       0.52571582142674478      -0.22156372692256318       0.45089665226745035       0.10195824408749507       0.31182570044939284       -1.0186222801811424       0.50431370736170100        3.8270140330043126E-002  0.23407373895411099       0.10195824408749507       0.31182570044939284     
   1.8975000000000000       -1.7771397552904007       0.52164623596284920      -0.22598625712278519       0.44869668674672025        9.5186350087324845E-002  0.31395958410468983       -1.0207508269608481       0.50074081568760731        3.5089539431181670E-002  0.23578617629870008        9.5186350087324845E-002  0.31395958410468983     
   1.9125000000000001       -1.7783114255264627       0.51763846626434884      -0.23030513798357780       0.44649554576146222        8.8573171173368132E-002  0.31588946022500980       -1.0228313224798922       0.49721454289977618        3.1920560503164025E-002  0.23742012212886063        8.8573171173368132E-002  0.31588946022500980     
   1.9275000000000000       -1.7794558436745123       0.51369113505064301      -0.23452358443151722       0.44429453187800128        8.2113762587306793E-002  0.31763023750489394       -1.0248651773594488       0.49373408626163806        2.8764790576587273E-002  0.23897789497505764        8.2113762587306793E-002  0.31763023750489394     
   1.9424999999999999       -1.7805738473310013       0.50980289818708235      -0.23864490310001510       0.44209485681282806        7.5803339280012649E-002  0.31919546722214753       -1.0268537653960017       0.49029865067852124        2.5623692093991096E-002  0.24046177262674889        7.5803339280012649E-002  0.31919546722214753     
   1.9575000000000000       -1.7816662593252395       0.50597241272591587      -0.24267163585237833       0.43989763661061432        6.9637463993684784E-002  0.32059751312607404       -1.0287984061459261       0.48690741920203440        2.2498608874406273E-002  0.24187398430277268        6.9637463993684784E-002  0.32059751312607404     
   1.9724999999999999       -1.7827338319250714       0.50219854290299526      -0.24660685531357157       0.43770390406892684        6.3611703532803779E-002  0.32184767931816460       -1.0307003657085236       0.48355975248144972        1.9390774939065353E-002  0.24321671253686228        6.3611703532803779E-002  0.32184767931816460     
   1.9875000000000000       -1.7837773256410752       0.49847993305262717      -0.25045331391468989       0.43551460866787084        5.7721845571802557E-002  0.32295632721333523       -1.0325608794276031       0.48025477890174140        1.6301319961975716E-002  0.24449208893045665        5.7721845571802557E-002  0.32295632721333523     
   2.0024999999999999       -1.7847974581280470       0.49481543130792816      -0.25421374261003959       0.43333062757469315        5.1963678129959306E-002  0.32393297505785801       -1.0343811302557546       0.47699180338496405        1.3231276571718888E-002  0.24570219646163649        5.1963678129959306E-002  0.32393297505785801     
   2.0175000000000001       -1.7857949180727490       0.49120388076597366      -0.25789053095450987       0.43115276918349532        4.6333619237080945E-002  0.32478638248765179       -1.0361622573387277       0.47377010743714421        1.0181586045765568E-002  0.24684906819277855        4.6333619237080945E-002  0.32478638248765179     
   2.0325000000000002       -1.7867705088387689       0.48764414965156017      -0.26148621663091492       0.42898177259612419        4.0827730798976086E-002  0.32552463670446874       -1.0379053665310856       0.47058897910307790        7.1531045331073018E-003  0.24793468403126412        4.0827730798976086E-002  0.32552463670446874     
   2.0474999999999999       -1.7877244808604447       0.48413515074887831      -0.26500316694070802       0.42681834059403340        3.5442396638047123E-002  0.32615519719803021       -1.0396115301276536       0.46744773260643835        4.1466940212589419E-003  0.24896098713553333        3.5442396638047123E-002  0.32615519719803021     
   2.0625000000000000       -1.7886578304275405       0.48067581099984230      -0.26844369475923230       0.42466307836278588        3.0174123446908986E-002  0.32668497540722213       -1.0412817485520769       0.46434567986069897        1.1628855237108410E-003  0.24992984634482346        3.0174123446908986E-002  0.32668497540722213     
   2.0775000000000001       -1.7895710372617528       0.47726509704652254      -0.27180995511850670       0.42251657788484842        2.5019543334340602E-002  0.32712037535216110       -1.0429170462596313       0.46128215591563487       -1.7976056374759408E-003  0.25084310304482987        2.5019543334340602E-002  0.32712037535216110     
   2.0924999999999998       -1.7904646723535900       0.47390200108670322      -0.27510405288473039       0.42037936604191334        1.9975408185630664E-002  0.32746734130228639       -1.0445183617244567       0.45825650606042750       -4.7342127435123053E-003  0.25170253957481897        1.9975408185630664E-002  0.32746734130228639     
   2.1074999999999999       -1.7913392984201961       0.47058554270424513      -0.27832806745415817       0.41825192813465856        1.5038585922727579E-002  0.32773139831077736       -1.0460866343886743       0.45526808830132370       -7.6464244847517723E-003  0.25250989134328333        1.5038585922727579E-002  0.32773139831077736     
   2.1225000000000001       -1.7921954257234567       0.46731476778277370      -0.28148396684184940       0.41613470791414153        1.0206054136710704E-002  0.32791768818268685       -1.0476227351534573       0.45231627298426957       -1.0533818520583594E-002  0.25326684578286407        1.0206054136710704E-002  0.32791768818268685     
   2.1375000000000002       -1.7930336266280831       0.46408874833108943      -0.28457366632180980       0.41402811046732191        5.4748961942354887E-003  0.32803100202005597       -1.0491275834569185       0.44940044326528772       -1.3394966076932503E-002  0.25397504305078206        5.4748961942354887E-003  0.32803100202005597     
   2.1524999999999999       -1.7938543473691466       0.46090658023704084      -0.28759902236777224       0.41193250480442095        8.4229610869155508E-004  0.32807580899477795       -1.0506019653051211       0.44651999353615585       -1.6232560426062970E-002  0.25463607675423816        8.4229610869155508E-004  0.32807580899477795     
   2.1675000000000000       -1.7946580864660175       0.45776738338519424      -0.29056167770780084       0.40984822555843281       -3.6945628280147941E-003  0.32805628242911233       -1.0520467063994188       0.44367433010956919       -1.9043274550986949E-002  0.25525149430039629       -3.6945628280147941E-003  0.32805628242911233     
   2.1825000000000001       -1.7954453119643430       0.45467030252064156      -0.29346355081325798       0.40777557928044927       -8.1384566277035303E-003  0.32797632333096427       -1.0534625924288019       0.44086287259701168       -2.1827865829869515E-002  0.25582280024009257       -8.1384566277035303E-003  0.32797632333096427     
   2.1974999999999998       -1.7962164653733326       0.45161450206097220      -0.29630620423445203       0.40571483853529283       -1.2491320725766281E-002  0.32783958146287762       -1.0548503732294312       0.43808504939164339       -2.4586120926090322E-002  0.25635145216823946       -1.2491320725766281E-002  0.32783958146287762     
   2.2124999999999999       -1.7969727254346082       0.44859916978531056      -0.29909123772554930       0.40366625190091920       -1.6755103995397660E-002  0.32764949584521885       -1.0562115260603389       0.43534030172774763       -2.7318011980384735E-002  0.25683886663836680       -1.6755103995397660E-002  0.32764949584521885     
   2.2275000000000000       -1.7977130511724675       0.44562351402492706      -0.30182019787184589       0.40163004177403527       -2.0933880665614635E-002  0.32740920839911303       -1.0575452997242867       0.43262808141634823       -3.0023104062152951E-002  0.25728641759067750       -2.0933880665614635E-002  0.32740920839911303     
   2.2425000000000002       -1.7984385591361380       0.44268676365200099      -0.30449429251139903       0.39960640704884931       -2.5029086836945602E-002  0.32712178565921601       -1.0588530987903308       0.42994785126920937       -3.2700997162614112E-002  0.25769543791684657       -2.5029086836945602E-002  0.32712178565921601     
   2.2574999999999998       -1.7991496666510929       0.43978816711488011      -0.30711553784411105       0.39759552444193302       -2.9043354967224141E-002  0.32679002796443080       -1.0601355932604348       0.42729908457521332       -3.5352488052866976E-002  0.25806722023719419       -2.9043354967224141E-002  0.32679002796443080     
   2.2725000000000000       -1.7998467328057270       0.43692699142949898      -0.30968505112161082       0.39559755027266841       -3.2977992009325552E-002  0.32641658575032262       -1.0613934268453094       0.42468126451182819       -3.7977390442322546E-002  0.25840301808626359       -3.2977992009325552E-002  0.32641658575032262     
   2.2875000000000001       -1.8005301037728958       0.43410255406565545      -0.31220418072729350       0.39361262166873318       -3.6835481044551990E-002  0.32600395027328588       -1.0626271967059702       0.42209391552219572       -4.0575090399283989E-002  0.25870404675498604       -3.6835481044551990E-002  0.32600395027328588     
   2.3025000000000002       -1.8012002092140331       0.43131406534653660      -0.31467423887386492       0.39164085790291492       -4.0617829347075460E-002  0.32555446501184415       -1.0638375797721711       0.41953645042066950       -4.3145884099223313E-002  0.25897148429599492       -4.0617829347075460E-002  0.32555446501184415     
   2.3174999999999999       -1.8018573376236493       0.42856093969951048      -0.31709648950266411       0.38968236162016601       -4.4328179580911772E-002  0.32507033608290425       -1.0650250970792796       0.41700847338322639       -4.5689795630665157E-002  0.25920647250612805       -4.4328179580911772E-002  0.32507033608290425     
   2.3325000000000000       -1.8025018049784656       0.42584248396042051      -0.31947215887294189       0.38773716637849254       -4.7964793658426361E-002  0.32455364098658684       -1.0661903312226839       0.41450947717718767       -4.8206869016634138E-002  0.25941008203814581       -4.7964793658426361E-002  0.32455364098658684     
   2.3475000000000001       -1.8031339795866386       0.42315805240973026      -0.32180243506213119       0.38580550592693696       -5.1533106066831216E-002  0.32400633766204423       -1.0673338351526771       0.41203899421834245       -5.0697171928340883E-002  0.25958349280881166       -5.1533106066831216E-002  0.32400633766204423     
   2.3624999999999998       -1.8037541252101617       0.42050701507631405      -0.32408846715782669       0.38388727827108537       -5.5033668450783647E-002  0.32343027214521669       -1.0684561460082673       0.40959656603690142       -5.3160783999396971E-002  0.25972763572073965       -5.5033668450783647E-002  0.32343027214521669     
   2.3774999999999999       -1.8043625875603939       0.41788875731313829      -0.32633136589059064       0.38198253885998457       -5.8468179200771027E-002  0.32282718594413018       -1.0695577802934777       0.40718174313762456       -5.5597804845440357E-002  0.25984352243581643       -5.8468179200771027E-002  0.32282718594413018     
   2.3925000000000001       -1.8049596267839301       0.41530267940805571      -0.32853221084324802       0.38009145999596450       -6.1838299998380482E-002  0.32219872274586070       -1.0706392232608974       0.40479408488075419       -5.8008349013442845E-002  0.25993222111740616       -6.1838299998380482E-002  0.32219872274586070     
   2.4075000000000002       -1.8055455524152306       0.41274819598676205      -0.33069204705113342       0.37821392797551118       -6.5145626189587760E-002  0.32154607818665099       -1.0717009870027792       0.40243315914764688       -6.0392544319478686E-002  0.25999458212398280       -6.5145626189587760E-002  0.32154607818665099     
   2.4224999999999999       -1.8061206205357210       0.41022473576584989      -0.33281188740462880       0.37635000308181521       -6.8391708116616337E-002  0.32087178743959410       -1.0727435255548943       0.40009854233547854       -6.2750532365540568E-002  0.26003155130161282       -6.8391708116616337E-002  0.32087178743959410     
   2.4375000000000000       -1.8066850834653665       0.40773174099847581      -0.33489271219873651       0.37449969005047423       -7.1578043942242681E-002  0.32017616712267682       -1.0737673053299674       0.39778981904094612       -6.5082465176465223E-002  0.26004401423106732       -7.1578043942242681E-002  0.32017616712267682     
   2.4525000000000001       -1.8072392657412293       0.40526866704101050      -0.33693547392026091       0.37266298517065788       -7.4706104945167121E-002  0.31946088361785069       -1.0747727703356329       0.39550658185095011       -6.7388507049646690E-002  0.26003282867689531       -7.4706104945167121E-002  0.31946088361785069     
   2.4674999999999998       -1.8077833528685361       0.40283498214034186      -0.33894109499633607       0.37083987601226320       -7.7777289381918385E-002  0.31872717595269151       -1.0757603545072141       0.39324843133836596       -6.9668831304745632E-002  0.25999882480188508       -7.7777289381918385E-002  0.31872717595269151     
   2.4824999999999999       -1.8083176085502388       0.40043016710332691      -0.34091047037780126       0.36903034332837376       -8.0792972603687313E-002  0.31797621639302520       -1.0767304683498471       0.39101497593332479       -7.1923620465822832E-002  0.25994280690513716       -8.0792972603687313E-002  0.31797621639302520     
   2.4975000000000001       -1.8088422544041978       0.39805371454808158      -0.34284448797550238       0.36723436043440799       -8.3754483913839620E-002  0.31720911464633955       -1.0776835269177796       0.38880583137690761       -7.4153079095087643E-002  0.25986555340784101       -8.3754483913839620E-002  0.31720911464633955     
   2.5125000000000002       -1.8093575390580285       0.39570512910026601      -0.34474393208891552       0.36545189422716062       -8.6663112912444829E-002  0.31642692111740711       -1.0786199235151639       0.38662062108876838       -7.6357363817993629E-002  0.25976781798724768       -8.6663112912444829E-002  0.31642692111740711     
   2.5274999999999999       -1.8098636805539463       0.39338392651502629      -0.34660967564095885       0.36368290578409096       -8.9520111559370952E-002  0.31563063074693454       -1.0795400429532132       0.38445897547742025       -7.8536720918145286E-002  0.25965033042465574       -8.9520111559370952E-002  0.31563063074693454     
   2.5425000000000000       -1.8103608841452272       0.39108963376639350      -0.34844249622740225       0.36192735031671797       -9.2326693473603616E-002  0.31482118610602045       -1.0804442567848300       0.38232053218756501       -8.0691347085031492E-002  0.25951379699476007       -9.2326693473603616E-002  0.31482118610602045     
   2.5575000000000001       -1.8108493633218601       0.38882178858460681      -0.35024353735266750       0.36018517809451367       -9.5084039352877139E-002  0.31399948027337860       -1.0813329236772244       0.38020493580080938       -8.2821458942297241E-002  0.25935890153998942       -9.5084039352877139E-002  0.31399948027337860     
   2.5724999999999998       -1.8113293283902003       0.38657993909675270      -0.35201280084432462       0.35845633459816056       -9.7793293152461019E-002  0.31316635993203407       -1.0822064001695382       0.37811183763014045       -8.4927277567691972E-002  0.25918630602554560       -9.7793293152461019E-002  0.31316635993203407     
   2.5874999999999999       -1.8118009603033165       0.38436364366686415      -0.35375138377210036       0.35674076095096974      -0.10045570954933875       0.31232262767512153       -1.0830650302667646       0.37604089570276000       -8.7009028156520243E-002  0.25899665123339888      -0.10045570954933875       0.31232262767512153     
   2.6025000000000000       -1.8122644644842867       0.38217247044871716      -0.35545999168233267       0.35503839401196435      -0.10307208556593103       0.31146904468161318       -1.0839091433136712       0.37399177445561005       -8.9066939905122974E-002  0.25879055726630734      -0.10307208556593103       0.31146904468161318     
   2.6175000000000002       -1.8127200235130698       0.38000599738988478      -0.35713930946629158       0.35334916725041399      -0.10564361032182630       0.31060633295334433       -1.0847390654967624       0.37196414486632506       -9.1101384461024532E-002  0.25856862458780250      -0.10564361032182630       0.31060633295334433     
   2.6324999999999998       -1.8131678318315780       0.37786381095198485      -0.35879000246253973       0.35167301039722937      -0.10817130379503935       0.30973517715018506       -1.0855551143874558       0.36995768332190698       -9.3112319629901158E-002  0.25833143417541449      -0.10817130379503935       0.30973517715018506     
   2.6475000000000000       -1.8136080225636635       0.37574550900100656      -0.36041271830599247       0.35000985044752553      -0.11065615623981045       0.30885622787353728       -1.0863575867256758       0.36797207456432102       -9.5100121016619507E-002  0.25807954865506399      -0.11065615623981045       0.30885622787353728     
   2.6625000000000001       -1.8140408095999225       0.37365069533658790      -0.36200808518924682       0.34835961100565094      -0.11309913039329199       0.30797010122234325       -1.0871467905492562       0.36600700644530582       -9.7065028298245024E-002  0.25781351221612653      -0.11309913039329199       0.30797010122234325     
   2.6775000000000002       -1.8144663507718017       0.37157898388268928      -0.36357671642574169       0.34672221333525233      -0.11550116179715891       0.30707738289467279       -1.0879230083968259       0.36406217413496511       -9.9007282643884253E-002  0.25753385177279209      -0.11550116179715891       0.30707738289467279     
   2.6924999999999999       -1.8148847776167236       0.36952999677978066      -0.36511920025267741       0.34509757626149956      -0.11786316074210217       0.30617862872102319       -1.0886865231856413       0.36213727835529619      -0.10092712685612382       0.25724107727741463      -0.11786316074210217       0.30617862872102319     
   2.7075000000000000       -1.8152962812029152       0.36750336430634656      -0.36663611974053889       0.34348561653768306      -0.12018606606615487       0.30527436638934358       -1.0894376127042005       0.36023202540009275      -0.10282480455000707       0.25693568237011033      -0.12018606606615487       0.30527436638934358     
   2.7225000000000001       -1.8157010057566934       0.36549872459000476      -0.36812803636729996       0.34188624872082657      -0.12247062997429758       0.30436509699217718       -1.0901765390184306       0.35834612694453788      -0.10470055998134439       0.25661814465607352      -0.12247062997429758       0.30436509699217718     
   2.7374999999999998       -1.8160990841725075       0.36351572355474537      -0.36959549398578373       0.34029938572373214      -0.12471774231194396       0.30345129637764356       -1.0909035675875556       0.35647930008222206      -0.10655463806241129       0.25628892648102286      -0.12471774231194396       0.30345129637764356     
   2.7524999999999999       -1.8164906757549386       0.36155401458012504      -0.37103902672172540       0.33872493881378285      -0.12692821889435318       0.30253341651238996       -1.0916189454964862       0.35463126707599213      -0.10838728380201901       0.25594847528764564      -0.12692821889435318       0.30253341651238996     
   2.7675000000000001       -1.8168759173439557       0.35961325836876612      -0.37245915100553539       0.33716281766537870      -0.12910284906147859       0.30161188663254213       -1.0923229225386535       0.35280175530933133      -0.11019874255168420       0.25559722400334883      -0.12910284906147859       0.30161188663254213     
   2.7825000000000002       -1.8172549560246474       0.35769312275724852      -0.37385637023934720       0.33561293129463671      -0.13124242662452246       0.30068711462760944       -1.0930157443140123       0.35099049717878883      -0.11198925841139948       0.25523559208855806      -0.13124242662452246       0.30068711462760944     
   2.7974999999999999       -1.8176279046735611       0.35579328117761627      -0.37523117436036790       0.33407518647155748      -0.13334766009807053       0.29975789236477568       -1.0936976386250234       0.34919722865872371      -0.11375913255509229       0.25486398467515320      -0.13334766009807053       0.29975789236477568     
   2.8125000000000000       -1.8179949081197322       0.35391341940136256      -0.37658404034864462       0.33254948557968922      -0.13541930783768052       0.29882937383975194       -1.0943688212530507       0.34742169599185480      -0.11550849647397514       0.25448279123006257      -0.13541930783768052       0.29882937383975194     
   2.8275000000000001       -1.8183560625963417       0.35205322132897227      -0.37791543554733542       0.33103574794293111      -0.13745806935132571       0.29789712263228363       -1.0950295287716432       0.34566364181073256      -0.11723764946414476       0.25409240221384460      -0.13745806935132571       0.29789712263228363     
   2.8424999999999998       -1.8187115274633254       0.35021238296161344      -0.37922580329980954       0.32953386420108416      -0.13946463349577906       0.29696306611025658       -1.0956799782852085       0.34392281891611043      -0.11894683196839734       0.25369317447952311      -0.13946463349577906       0.29696306611025658     
   2.8574999999999999       -1.8190614184822609       0.34839060509892855      -0.38051559788251932       0.32804374333008224      -0.14143967746067543       0.29602751973721342       -1.0963203764956904       0.34219898317299924      -0.12063628530230633       0.25328546753226444      -0.14143967746067543       0.29602751973721342     
   2.8725000000000001       -1.8194058363112613       0.34658759474230438      -0.38178522730474329       0.32656528889068953      -0.14338386997895941       0.29509078321232074       -1.0969509265544595       0.34049189494833654      -0.12230627095636962       0.25286962569814553      -0.14338386997895941       0.29509078321232074     
   2.8875000000000002       -1.8197448965037220       0.34480306472980943      -0.38303512680225571       0.32509840315611416      -0.14529784144596225       0.29415314113651758       -1.0975718261975471       0.33880131881037046      -0.12395698442245570       0.25244598153422304      -0.14529784144596225       0.29415314113651758     
   2.9024999999999999       -1.8200787156103888       0.34303673373871812      -0.38426569991032777       0.32364298959718252      -0.14718219418450698       0.29321486392595525       -1.0981832764373354       0.33712702358668523      -0.12558869128406169       0.25201485804630419      -0.14718219418450698       0.29321486392595525     
   2.9175000000000000       -1.8204074040777718       0.34128832606913850      -0.38547734121025601       0.32219895524854375      -0.14903757924276534       0.29227620838406076       -1.0987854701935178       0.33546878220495391      -0.12720161576698497       0.25157657083026419      -0.14903757924276534       0.29227620838406076     
   2.9325000000000001       -1.8207310652421194       0.33955757148850746      -0.38667043600745066       0.32076619606688300      -0.15086456669705739       0.29133741839385019       -1.0993785829772569       0.33382637159128270      -0.12879598646851642       0.25113141691893937      -0.15086456669705739       0.29133741839385019     
   2.9474999999999998       -1.8210497788933544       0.33784420554164013      -0.38784536224901939       0.31934461691627525      -0.15266373131774807       0.29039872556364305       -1.0999628011208038       0.33219957302424541      -0.13037203945694090       0.25067969061636508      -0.15266373131774807       0.29039872556364305     
   2.9624999999999999       -1.8213636737813201       0.33614796836057709      -0.38900248690859957       0.31793412014446853      -0.15443563558323611       0.28946034978223478       -1.1005382971948285       0.33058817101199511      -0.13193001614433669       0.25022167487079006      -0.15443563558323611       0.28946034978223478     
   2.9775000000000000       -1.8216728248018614       0.33446860561692637      -0.39014215465216007       0.31653460820822144      -0.15618083098788707       0.28852249980494971       -1.1011052369945196       0.32899195427383515      -0.13347012669602681       0.24975764355106053      -0.15618083098788707       0.28852249980494971     
   2.9925000000000002       -1.8219773614263324       0.33280586787869482      -0.39126475289271301       0.31514598346900624      -0.15789984748989938       0.28758537239976911       -1.1016638201208910       0.32741071515141340      -0.13499260436021771       0.24928786154274232      -0.15789984748989938       0.28758537239976911     
