  0.27750000000000002        15.016671180070572        10.748596572458617        5.1829786001162297E-003   7.0787372376614878E-006   5.9785907685173424E-004   7.9289090640333613E-007   1.4032805968486268        3.6753334812677549E-002   9.5545739861633335E-004   1.2828711318730475E-006   5.9785907685173424E-004   7.9289090640333613E-007
  0.29249999999999998        8.8541811876072334        15.321517053763243        5.7917317231739934E-003   7.1613586622375300E-006   6.6581218675024353E-004   7.9666050168906861E-007   1.8519040632414212       0.34219137758431306        1.0655610573745721E-003   1.2926755539356852E-006   6.6581218675024353E-004   7.9666050168906861E-007
  0.30750000000000000        4.2496828124842185        16.424417183199616        6.4402342038510606E-003   7.2501019826911510E-006   7.3769141190918597E-004   8.0066119791741977E-007   2.1367940642003971       0.86743369923846014        1.1823717817880139E-003   1.3031438045571426E-006   7.3769141190918597E-004   8.0066119791741977E-007
  0.32250000000000001       0.80017302026495063        16.279222358717863        7.1298510252967642E-003   7.3452992427823918E-006   8.1355381117695932E-004   8.0489846409367459E-007   2.2071449716344231        1.4606480371937809        1.3060447503446689E-003   1.3143022661443397E-006   8.1355381117695932E-004   8.0489846409367459E-007
  0.33750000000000002       -1.7984245576450522        15.589237458735148        7.8620597151923197E-003   7.4473166995269963E-006   8.9346016053537883E-004   8.0937816045898281E-007   2.0958727537593531        2.0235512925659007        1.4367470068305326E-003   1.3261796832916311E-006   8.9346016053537883E-004   8.0937816045898281E-007
  0.35249999999999998       -3.7649295553225706        14.664713190003798        8.6384870676684388E-003   7.5565585377708021E-006   9.7747509656845050E-004   8.1410655875994211E-007   1.8553923564959087        2.5072308192548398        1.5746582111223846E-003   1.3388073672425762E-006   9.7747509656845050E-004   8.1410655875994211E-007
  0.36749999999999999       -5.2576659458102259        13.658863259359302        9.4608813447819157E-003   7.6734711236267500E-006   1.0656672712435699E-003   8.1909036430127713E-007   1.5343841957304756        2.8943898335354339        1.7199714688168198E-003   1.3522194257073428E-006   1.0656672712435699E-003   8.1909036430127713E-007
  0.38250000000000001       -6.3923148891415247        12.650562234413457        1.0331150323030084E-002   7.7985478859702778E-006   1.1581095187850686E-003   8.2433673993061674E-007   1.1711768639870646        3.1853379985200005        1.8728942485971164E-003   1.3664530215451969E-006   1.1581095187850686E-003   8.2433673993061674E-007
  0.39750000000000002       -7.2542666388748618        11.680304554479378        1.1251369382643123E-002   7.9323349327972354E-006   1.2548790354968864E-003   8.2985333212076053E-007  0.79344283531650461        3.3890313359972635        2.0336493975366891E-003   1.3815486644160990E-006   1.2548790354968864E-003   8.2985333212076053E-007
  0.41249999999999998       -7.9071597563878253        10.767802005950701        1.2223797641489630E-002   8.0754375308287466E-006   1.3560575734757579E-003   8.3564829933309663E-007  0.41994471172473091        3.5178483120255799        2.2024762660507839E-003   1.3975505402150326E-006   1.3560575734757579E-003   8.3564829933309663E-007
  0.42749999999999999       -8.3988524657464598        9.9212419796654956        1.3250896224576862E-002   8.2285276033245072E-006   1.4617316492496302E-003   8.4173034286627762E-007   6.2647351191180478E-002   3.5847511444038918        2.3796319559791770E-003   1.4145068839530097E-006   1.4617316492496302E-003   8.4173034286627762E-007
  0.44250000000000000       -8.7656162907999065        9.1423904528229976        1.4335349002264760E-002   8.3923524339634306E-006   1.5719927684791457E-003   8.4810874041713622E-007 -0.27140216902685088        3.6018689799997281        2.5653927073637315E-003   1.4324704027720649E-006   1.5719927684791457E-003   8.4810874041713622E-007
  0.45750000000000002       -9.0351837697868369        8.4294931905454611        1.5480086193287107E-002   8.5677448055871640E-006   1.6869376679741791E-003   8.5479338260651570E-007 -0.57858255465174846        3.5798897234403162        2.7600554419397617E-003   1.4514987570185700E-006   1.6869376679741791E-003   8.5479338260651570E-007
  0.47249999999999998       -9.2288724102837261        7.7789530775313551        1.6688311305521779E-002   8.7556348538257951E-006   1.8066685764039998E-003   8.6179481275155495E-007 -0.85758078510164437        3.5278907675657663        2.9639394842679184E-003   1.4716551088013610E-006   1.8066685764039998E-003   8.6179481275155495E-007
  0.48749999999999999       -9.3631864386119599        7.1863096402634650        1.7963531981719339E-002   8.9570639800951027E-006   1.9312934952202066E-003   8.6912427019847572E-007  -1.1085852982202953        3.4533933064358884        3.1773884848919362E-003   1.4930087492941432E-006   1.9312934952202066E-003   8.6912427019847572E-007
  0.50249999999999995       -9.4509735787228291        6.6468083818339387        1.9309595433661324E-002   9.1732012500939586E-006   2.0609265014680462E-003   8.7679373756661598E-007  -1.3327177551200564        3.3625185431755824        3.4007725740394165E-003   1.5156358182895041E-006   2.0609265014680462E-003   8.7679373756661598E-007
  0.51749999999999996       -9.5022863609718708        6.1557265272156760        2.0730729292431586E-002   9.4053628079809938E-006   2.1956880743360745E-003   8.8481599229590977E-007  -1.5316411197993975        3.2601793580213783        3.6344907793416717E-003   1.5396201322831960E-006   2.1956880743360745E-003   8.8481599229590977E-007
  0.53249999999999997       -9.5250299152066820        5.7085524301471144        2.2231588882444420E-002   9.6550349699287589E-006   2.3357054474887956E-003   8.9320466293697117E-007  -1.7072947939500467        3.1502729221521211        3.8789737470287813E-003   1.5650541408031585E-006   2.3357054474887956E-003   8.9320466293697117E-007
  0.54749999999999999       -9.5254328339430145        5.3010771688485434        2.3817312152881343E-002   9.9239018333271776E-006   2.4811129894446496E-003   9.0197429067621999E-007  -1.8617195583749704        3.0358577891536340        4.1346868133047511E-003   1.5920400349823968E-006   2.4811129894446496E-003   9.0197429067621999E-007
  0.56250000000000000       -9.5084377065036030        4.9294329919966069        2.5493583785944785E-002   1.0213878462668690E-005   2.6320526145056718E-003   9.1114039664904667E-007  -1.9969454412090137        2.9193089350926704        4.4021334814410111E-003   1.6206910377514743E-006   2.6320526145056718E-003   9.1114039664904667E-007
  0.57750000000000001       -9.4779679619052448        4.5901009195285525        2.7266710365237992E-002   1.0527151008261997E-005   2.7886742270189281E-003   9.2071955566298817E-007  -2.1149220325752349        2.8024494703956027        4.6818593709527321E-003   1.6511329118178491E-006   2.7886742270189281E-003   9.2071955566298817E-007
  0.59250000000000003       -9.4371481686472229        4.2799004258664901        2.9143708954537065E-002   1.0866225504771490E-005   2.9511362020577191E-003   9.3072947703161480E-007  -2.2174790654407266        2.6866603414611157        4.9744567185707952E-003   1.6835057302382004E-006   2.9511362020577191E-003   9.3072947703161480E-007
  0.60750000000000004       -9.3884715887084766        3.9959694716179270        3.1132412041309312E-002   1.1233987619012238E-005   3.1196059059573436E-003   9.4118909330984276E-007  -2.3063059079643264        2.5729704659590240        5.2805695272866351E-003   1.7179659654610072E-006   3.1196059059573436E-003   9.4118909330984276E-007
  0.62250000000000005       -9.3339305024087800        3.7357399094947690        3.3241592587636121E-002   1.1633776321654898E-005   3.2942602605316282E-003   9.5211865782455331E-007  -2.3829442096397884        2.4621300733349134        5.6008994804429349E-003   1.7546889670179658E-006   3.2942602605316282E-003   9.5211865782455331E-007
  0.63749999999999996       -9.2751179050230288        3.4969113746518712        3.5481113969511931E-002   1.2069475419567203E-005   3.4752863552390259E-003   9.6353985201287480E-007  -2.4487887319317787        2.3546700090857624        5.9362127638902824E-003   1.7938719166746085E-006   3.4752863552390259E-003   9.6353985201287480E-007
  0.65249999999999997       -9.2133057307684592        3.2774251960363214        3.7862110966836268E-002   1.2545628212954372E-005   3.6628821120686167E-003   9.7547590371684373E-007  -2.5050932378550606        2.2509492816133232        6.2873479722695916E-003   1.8357373743464406E-006   3.6628821120686167E-003   9.7547590371684373E-007
  0.66749999999999998       -9.1495182167419191        3.0754397684998036        4.0397209824013465E-002   1.3067582395532230E-005   3.8572570084856143E-003   9.8795171774046348E-007  -2.5529792670556870        2.1511932547075348        6.6552253177429794E-003   1.8805375606099640E-006   3.8572570084856143E-003   9.8795171774046348E-007
  0.68250000000000000       -9.0845654709755053        2.8893074829908549        4.3100797928349338E-002   1.3641674940039415E-005   4.0586328644238419E-003   1.0009940201570710E-006  -2.5934463626703930        2.0555240008719760        7.0408574140487451E-003   1.9285595652778224E-006   4.0586328644238419E-003   1.0009940201570710E-006
  0.69750000000000001       -9.0190980861227459        2.7175536852377520        4.5989357135434172E-002   1.4275470478828010E-005   4.2672447000510942E-003   1.0146315180657416E-006  -2.6273828600353943        1.9639844727839719        7.4453619798655717E-003   1.9801317307375781E-006   4.2672447000510942E-003   1.0146315180657416E-006
  0.71250000000000002       -8.9536232535347740        2.5588577152965652        4.9081879634353308E-002   1.4978072183222871E-005   4.4833416718772752E-003   1.0288950767404378E-006  -2.6555765410022332        1.8765576564777446        7.8699768991519568E-003   2.0356315401492515E-006   4.4833416718772752E-003   1.0288950767404378E-006
  0.72750000000000004       -8.8885495787370541        2.4120357688458545        5.2400392141638538E-002   1.5760532294632334E-005   4.7071880957417359E-003   1.0438179164009937E-006  -2.6787249311021748        1.7931817138099309        8.3160782009799768E-003   2.0954954539774210E-006   4.7071880957417359E-003   1.0438179164009937E-006
  0.74250000000000005       -8.8241947924446684        2.2760257249149571        5.5970624152645421E-002   1.6636401776408636E-005   4.9390645663258056E-003   1.0594358311683811E-006  -2.6974448745884407        1.7137619148653098        8.7852016898983185E-003   2.1602312986263558E-006   4.9390645663258056E-003   1.0594358311683811E-006
  0.75749999999999995       -8.7608055456428087        2.1498735923219039        5.9822870567650385E-002   1.7622477556060650E-005   5.1792691841135371E-003   1.0757874331571695E-006  -2.7122813842603795        1.6381800065207677        9.2790691884914872E-003   2.2304340412849198E-006   5.1792691841135371E-003   1.0757874331571695E-006
  0.77249999999999996       -8.6985708298184683        2.0327215210077991        6.3993120855400626E-002   1.8739835817708960E-005   5.4281189021968832E-003   1.0929144251167487E-006  -2.7237157002475985        1.5663015445954023        9.7996206743267665E-003   2.3068061220959697E-006   5.4281189021968832E-003   1.0929144251167487E-006
  0.78749999999999998       -8.6376328736903112        1.9237971726384835        6.8524560368061524E-002   2.0015288361393117E-005   5.6859510070258207E-003   1.1108619055732499E-006  -2.7321725745487679        1.4979815983644729        1.0349054046590887E-002   2.3901840178122279E-006   5.6859510070258207E-003   1.1108619055732499E-006
  0.80249999999999999       -8.5780959497036129        1.8224043331343571        7.3469601944120111E-002   2.1483479941739272E-005   5.9531247491807051E-003   1.1296787110627060E-006  -2.7380267633519040        1.4330691651833405        1.0929874910570327E-002   2.4815734789991107E-006   5.9531247491807051E-003   1.1296787110627060E-006
  0.81750000000000000       -8.5200336537347336        1.7278894220094414        7.8892690771413740E-002   2.3189983697731535E-005   6.2300231425434999E-003   1.1494178008030568E-006  -2.7416088747503915        1.3713905670465460        1.1544959729145449E-002   2.5821970849976939E-006   6.2300231425434999E-003   1.1494178008030568E-006
  0.83250000000000002       -8.4634945588922665        1.6397600999987731        8.4874267004633283E-002   2.5196000302861300E-005   6.5170549529270658E-003   1.1701366900531633E-006  -2.7432105200387085        1.3128520032208195        1.2197637139925038E-002   2.6935596975996067E-006   6.5170549529270658E-003   1.1701366900531633E-006
  0.84750000000000003       -8.4085074357291028        1.5574268941994460        9.1516515651419592E-002   2.7585706861067889E-005   6.8146569003606607E-003   1.1918979394818667E-006  -2.7430889189964591        1.2572415404452033        1.2891794484524335E-002   2.8175406189718829E-006   6.8146569003606607E-003   1.1918979394818667E-006
  0.86250000000000004       -8.3550847690431240        1.4804493519754425        9.8951976197701116E-002   3.0478360666735865E-005   7.1232961029146702E-003   1.2147697091577473E-006  -2.7414709387570673        1.2044304920385822        1.3632020196839061E-002   2.9565268371656867E-006   7.1232961029146702E-003   1.2147697091577473E-006
  0.87749999999999995       -8.3032261542603898        1.4084050197018536       0.10735692719677573        3.4048698062285713E-005   7.4434727942875615E-003   1.2388263873184109E-006  -2.7385566599033440        1.1542744768214148        1.4423798686088743E-002   3.1136118341668059E-006   7.4434727942875615E-003   1.2388263873184109E-006
  0.89249999999999996       -8.2529209492592219        1.3409101398941714       0.11697316587083455        3.8564082265261503E-005   7.7757233525072786E-003   1.2641493059469628E-006  -2.7345225782346443        1.1066341379272788        1.5273784772127371E-002   3.2929036973476494E-006   7.7757233525072786E-003   1.2641493059469628E-006
  0.90749999999999997       -8.2041503866588581        1.2776156605525613       0.12814552105949109        4.4456328944753017E-005   8.1206236831829846E-003   1.2908275574483319E-006  -2.7295243472242414        1.0613756155903440        1.6190203888049433E-002   3.5000255480222535E-006   8.1206236831829846E-003   1.2908275574483319E-006
  0.92249999999999999       -8.1568893811282734        1.2182037036847975       0.14139135509762632        5.2474174869263282E-005   8.4787930079865091E-003   1.3189589294751177E-006  -2.7236992575508068        1.0183708391028203        1.7183461971236807E-002   3.7429782728492763E-006   8.4787930079865091E-003   1.3189589294751177E-006
  0.93750000000000000       -8.1111079101024632        1.1623844237038607       0.15754239368147757        6.4048898473584331E-005   8.8508981177002448E-003   1.3486509783233291E-006  -2.7171683708315211       0.97749766870424881        1.8267130006211375E-002   4.0337491592413139E-006   8.8508981177002448E-003   1.3486509783233291E-006
  0.95250000000000001       -8.0667741774438610        1.1098932148543048       0.17807821002877625        8.2339012194549853E-005   9.2376581595592332E-003   1.3800222654588307E-006  -2.7100384612789750       0.93863992706030042        1.9459664348292677E-002   4.3916606454682060E-006   9.2376581595592332E-003   1.3800222654588307E-006
  0.96750000000000003       -8.0238465490665938        1.0604882242898528       0.20609506291198129        1.1617912065913568E-004   9.6398500411401990E-003   1.4132037868460511E-006  -2.7024035875580403       0.90168734583578658        2.0787788234159481E-002   4.8516061839672019E-006   9.6398500411401990E-003   1.4132037868460511E-006
  0.98250000000000004       -7.9822917370574578        1.0139481372758541       0.25056072443942096        2.0620437467463404E-004   1.0058314548216214E-002   1.4483406310914796E-006  -2.6943467322445041       0.86653545136145271        2.2294623682700555E-002   5.4914357106018404E-006   1.0058314548216214E-002   1.4483406310914796E-006
  0.99750000000000005       -7.9420687324972956       0.97007019935326000       0.37276796913453702        6.7935968228845442E-002   1.0493963292447285E-002   1.4855939103243327E-006  -2.6859409687012690       0.83308540312387436        2.4074369932747284E-002   8.0995923052060940E-006   1.0493963292447285E-002   1.4855939103243327E-006
   1.0125000000000000       -7.9031371286575842       0.92866844879941590       0.32987228291103621       0.17709576569525731        1.0947786627338276E-002   1.5251430176597985E-006  -2.6772506358742230       0.80124380120498750        2.6299231496568626E-002   2.1090350041726955E-004   1.0947786627338276E-002   1.5251430176597985E-006
   1.0275000000000001       -7.8654562889750919       0.88957213962069615       0.29006655526094072       0.22912495797558546        1.1420862698628173E-002   1.5671882776135578E-006  -2.6683323784327082       0.77092247183962948        2.8805050231866351E-002   8.8518309264933254E-004   1.1420862698628173E-002   1.5671882776135578E-006
   1.0425000000000000       -7.8289856609587440       0.85262431909690406       0.25341590145276821       0.26267625990719140        1.1914367829553314E-002   1.6119540717411387E-006  -2.6592360116949578       0.74203823862435780        3.1385124811965349E-002   2.0733245932723901E-003   1.1914367829553314E-002   1.6119540717411387E-006
   1.0575000000000001       -7.7936848890624226       0.81768057095958047       0.21966561517318717       0.28580019132563711        1.2429588484047965E-002   1.6596925421104355E-006  -2.6500052378044949       0.71451268830737646        3.3890789030403969E-002   3.7440584304269092E-003   1.2429588484047965E-002   1.6596925421104355E-006
   1.0725000000000000       -7.7595142948920994       0.78460787491874884       0.18856861017131460       0.30203468176757498        1.2967935104268028E-002   1.7106864603015422E-006  -2.6406784980140032       0.68827194168886197        3.6217880873850430E-002   5.8375497983178658E-003   1.2967935104268028E-002   1.7106864603015422E-006
   1.0874999999999999       -7.7264347765452026       0.75328355829469573       0.15989832435909362       0.31335398788625984        1.3530958185977833E-002   1.7652605824048208E-006  -2.6312895639985587       0.66324639171636335        3.8296379250899772E-002   8.2836857664701068E-003   1.3530958185977833E-002   1.7652605824048208E-006
   1.1025000000000000       -7.6944080886754476       0.72359441002849034       0.13344882378910047       0.32100724508712142        1.4120367040506289E-002   1.8237790157413629E-006  -2.6218677955245431       0.63937050206792079        4.0082270275041812E-002   1.1011117207428534E-002   1.4120367040506289E-002   1.8237790157413629E-006
   1.1174999999999999       -7.6633969138202698       0.69543583062795522       0.10903305444072853       0.32584818184936504        1.4738051800798820E-002   1.8866588322326489E-006  -2.6124389958637870       0.61658256462040284        4.1551177736976558E-002   1.3951936427558731E-002   1.4738051800798820E-002   1.8866588322326489E-006
   1.1325000000000001       -7.6333648957541955       0.66871108770905918        8.6481527572213529E-002  0.32849116639833742        1.5386109369242076E-002   1.9543779922114284E-006  -2.6030256304097348       0.59482448467180937        4.2693382888970871E-002   1.7044021631377151E-002   1.5386109369242076E-002   1.9543779922114284E-006
   1.1475000000000000       -7.6042768672230112       0.64333064096058756        6.5640268656740997E-002  0.32939472465278680        1.6066874186980721E-002   2.0274868629357478E-006  -2.5936472490870024       0.57404157125769850        4.3509955524264669E-002   2.0232059497453190E-002   1.6066874186980721E-002   2.0274868629357478E-006
   1.1625000000000001       -7.5760985259850733       0.61921152987962347        4.6369476134135203E-002  0.32891036132166046        1.6782954943061541E-002   2.1066224619085054E-006  -2.5843207944767679       0.55418233653816917        4.4009740988217978E-002   2.3467802345718377E-002   1.6782954943061541E-002   2.1066224619085054E-006
   1.1775000000000000       -7.5487968350961188       0.59627682164949136        2.8542119381520788E-002  0.32731305605379901        1.7537278657580629E-002   2.1925262105956426E-006  -2.5750609382242717       0.53519830474092445        4.4207033444377562E-002   2.6709884391629524E-002   1.7537278657580629E-002   2.1925262105956426E-006
   1.1924999999999999       -7.5223388470250701       0.57445511000080529        1.2042241638054401E-002  0.32482132223049121        1.8333143995488417E-002   2.2860662551443167E-006  -2.5658802472026929       0.51704383077995208        4.4119784428143100E-002   2.9923393285483622E-002   1.8333143995488417E-002   2.2860662551443167E-006
   1.2075000000000000       -7.4966965973457098       0.55367127553704409       -3.2352268620137320E-003  0.32161095649105464        1.9174286239282363E-002   2.3882657920532458E-006  -2.5567896973819821       0.49966799943786477        4.3768232797499119E-002   3.3079317516208899E-002   1.9174286239282363E-002   2.3882657920532458E-006
   1.2224999999999999       -7.4718374862348922       0.53389000008283416       -1.7386415418948378E-002  0.31782478130324560        2.0064957131680973E-002   2.5003393809237061E-006  -2.5477984073794602       0.48305410844716146        4.3173867099464837E-002   3.6153944082046710E-002   2.0064957131680973E-002   2.5003393809237061E-006
   1.2375000000000000       -7.4477337325655313       0.51502753783161648       -3.0499716088069506E-002  0.31357974343708162        2.1010023886066910E-002   2.6237400148396054E-006  -2.5389141705627716       0.46714022446576592        4.2358645998358063E-002   3.9128252081829004E-002   2.1010023886066910E-002   2.6237400148396054E-006
   1.2524999999999999       -7.4243577707342654       0.49703922856883920       -4.2654718971190081E-002  0.30897220366008921        2.2015093193105576E-002   2.7602208803297802E-006  -2.5301435773227205       0.45189833027363302        4.1344422399333072E-002   4.1987329240489653E-002   2.2015093193105576E-002   2.7602208803297802E-006
   1.2675000000000001       -7.4016830411771464       0.47987525935391484       -5.3924851564848220E-002  0.30408195773302382        2.3086668242593991E-002   2.9119174811175320E-006  -2.5214920745158471       0.43729454312822502        4.0152526518747116E-002   4.4719826763984435E-002   2.3086668242593991E-002   2.9119174811175320E-006
   1.2825000000000000       -7.3796840023739376       0.46348916742005808       -6.4377559267869228E-002  0.29897534116660263        2.4232327839601560E-002   3.0814584663502193E-006  -2.5129641281005410       0.42329691719392626        3.8803469626848115E-002   4.7317460110399362E-002   2.4232327839601560E-002   3.0814584663502193E-006
   1.2975000000000001       -7.3583360721353017       0.44783758136329177       -7.4074242692163006E-002  0.29370766199506498        2.5461074457422583E-002   3.2721176765408836E-006  -2.5045633092793054       0.40987532371176910        3.7316745859120273E-002   4.9774558251387241E-002   2.5461074457422583E-002   3.2721176765408836E-006
   1.3125000000000000       -7.3374072112421125       0.43287998575744435       -8.3071343036221351E-002  0.28832513966803819        2.6783551599595480E-002   3.4880266128992833E-006  -2.4961012058948890       0.39700133955399858        3.5710704396102008E-002   5.2087663729783990E-002   2.6783551599595480E-002   3.4880266128992833E-006
   1.3274999999999999       -7.3175001655292506       0.41857850417842335       -9.1420672631505911E-002  0.28286643088371693        2.8212589512788065E-002   3.7344775710728144E-006  -2.4881537734688628       0.38464814113551932        3.4002478362460550E-002   5.4255173832828865E-002   2.8212589512788065E-002   3.7344775710728144E-006
   1.3425000000000000       -7.2979677193534807       0.40489770292501115       -9.9169830969711797E-002  0.27736390190911842        2.9763816966114770E-002   4.0183664540812017E-006  -2.4801487630472545       0.37279040713748546        3.2207955644871639E-002   5.6277032573204801E-002   2.9763816966114770E-002   4.0183664540812017E-006
   1.3574999999999999       -7.2789975567329162       0.39180440988624987      -0.10636258325153473       0.27184463809100801        3.1456545036583697E-002   4.3488573739126384E-006  -2.4722784852142095       0.36140422615532419        3.0341778090002651E-002   5.8154457154315789E-002   3.1456545036583697E-002   4.3488573739126384E-006
   1.3725000000000001       -7.2605693030945702       0.37926754818085784      -0.11303920292805271       0.26633128367816200        3.3315034501166435E-002   4.7384119249147243E-006  -2.4645434743131247       0.35046700996105684        2.8417377978345572E-002   5.9889702698366909E-002   3.3315034501166435E-002   4.7384119249147243E-006
   1.3875000000000000       -7.2426641724952816       0.36725798303421864      -0.11923677695821960       0.26084273435150285        3.5370368619610570E-002   5.2044430462144816E-006  -2.4569439365516841       0.33995741188237727        2.6446995963718720E-002   6.1485859023430685E-002   3.5370368619610570E-002   5.2044430462144816E-006
   1.4025000000000001       -7.2252631812185175       0.35574839043318263      -0.12498945264477301       0.25539471273979486        3.7663320895525473E-002   5.7720861815837039E-006  -2.4494796461290584       0.32985525902758206        2.4441756248575742E-002   6.2946676170587107E-002   3.7663320895525473E-002   5.7720861815837039E-006
   1.4175000000000000       -7.2083489026951248       0.34471311115943271      -0.13032882314314631       0.25000024921190056        4.0248940099586884E-002   6.4791370429209135E-006  -2.4421501820759026       0.32014146536565224        2.2411714118983326E-002   6.4276415340056417E-002   4.0248940099586884E-002   6.4791370429209135E-006
   1.4325000000000001       -7.1919040592206445       0.33412805069126494      -0.13528395027548329       0.24467008516898847        4.3204283136625582E-002   7.3853248440930391E-006  -2.4349546888109237       0.31079798229052902        2.0365922329693992E-002   6.5479722118165148E-002   4.3204283136625582E-002   7.3853248440930391E-006
   1.4475000000000000       -7.1759123919900674       0.32397056112586980      -0.13988172812590782       0.23941301300070694        4.6642374836088608E-002   8.5914839070945568E-006  -2.4278921823882946       0.30180772811208523        1.8312488010188886E-002   6.6561519216627285E-002   4.6642374836088608E-002   8.5914839070945568E-006
   1.4624999999999999       -7.1603582698504251       0.31421934306107635      -0.14414692137176244       0.23423616336012576        5.0739780134560084E-002   1.0283678750248157E-005  -2.4209615542298293       0.29315453208520709        1.6258681747355393E-002   6.7526916181750773E-002   5.0739780134560084E-002   1.0283678750248157E-005
   1.4775000000000000       -7.1452264511060202       0.30485435319790932      -0.14810259890466809       0.22914524880113729        5.5798339205829134E-002   1.2852329632907645E-005  -2.4141613264315516       0.28482308022376568        1.4210916024287961E-002   6.8381133784829504E-002   5.5798339205829134E-002   1.2852329632907645E-005
   1.4924999999999999       -7.1305025599979732       0.29585671900498672      -0.15176999635684368       0.22414477110771086        6.2412279010656928E-002   1.7303012385744564E-005  -2.4074900122827216       0.27679886451968971        1.2174895527702689E-002   6.9129441212082476E-002   6.2412279010656928E-002   1.7303012385744564E-005
   1.5075000000000001       -7.1161726320330780       0.28720866007924634      -0.15516875235748018       0.21923819829270774        7.2102996329622804E-002   2.7482052832483795E-005  -2.4009459523726076       0.26906813556667003        1.0155633739845217E-002   6.9777104180233862E-002   7.2102996329622804E-002   2.7482052832483795E-005
   1.5225000000000000       -7.1022233328387907       0.27888792333827606      -0.15831723424908101       0.21442811540640155        9.4198502914426052E-002   1.2036110161335249E-004  -2.3945274015610361       0.26161270599252073        8.1575196929865486E-003   7.0329342408948128E-002   9.4198502914426052E-002   1.2036110161335249E-004
   1.5375000000000001       -7.0886418120453483       0.27089517590941298      -0.16123216491465650       0.20971635449995402        9.8580189362848167E-002   3.6363733905811033E-002  -2.3882325155458428       0.25443566947465057        6.1843743799220655E-003   7.0791295373676649E-002   9.8580189362848167E-002   3.6363733905811033E-002
   1.5525000000000000       -7.0754158185454292       0.26319902250810867      -0.16392926345871039       0.20510410501475171        9.0876898966009478E-002   5.0955042251440041E-002  -2.3820593856086614       0.24750984054937766        4.2394910070146820E-003   7.1167994577182384E-002   9.0876898966009478E-002   5.0955042251440041E-002
   1.5674999999999999       -7.0625334047961132       0.25579086802666651      -0.16642325820056686       0.20059200968392485        8.3578385043169223E-002   6.0728286454121275E-002  -2.3760060258094544       0.24082923926402700        2.3257050426016427E-003   7.1464341990989139E-002   8.3578385043169223E-002   6.0728286454121275E-002
   1.5825000000000000       -7.0499832624539449       0.24865740380665582      -0.16872768375030847       0.19618024806934947        7.6666208989631363E-002   6.7959188176355961E-002  -2.3700704273165396       0.23438329626854060        4.4541616915111772E-004   7.1685093942529254E-002   7.6666208989631363E-002   6.7959188176355961E-002
   1.5974999999999999       -7.0377545405114743       0.24178605085239396      -0.17085493956068687       0.19186860394492788        7.0118823947948272E-002   7.3533178159233256E-002  -2.3642505133473573       0.22816197359550933       -1.3993592345065316E-003   7.1834847379003641E-002   7.0118823947948272E-002   7.3533178159233256E-002
   1.6125000000000000       -7.0258365532896327       0.23516491223616570      -0.17281680691794810       0.18765653010614378        6.3915379854250998E-002   7.7915849235882240E-002  -2.3585441927875848       0.22215573311465098       -3.2069525500283366E-003   7.1918032279717312E-002   6.3915379854250998E-002   7.7915849235882240E-002
   1.6274999999999999       -7.0142193544834530       0.22878273200204260      -0.17462416181749080       0.18354319909068931        5.8036067420879356E-002   8.1392106725767188E-002  -2.3529494486903069       0.21635550988998845       -4.9760074158056253E-003   7.1938904985194424E-002   5.8036067420879356E-002   8.1392106725767188E-002
   1.6425000000000001       -7.0028932406559328       0.22262885442886976      -0.17628713007674107       0.17952754937833273        5.2462556155745597E-002   8.4153187312781347E-002  -2.3474640691680255       0.21075268477231152       -6.7054482452224076E-003   7.1901544934723144E-002   5.2462556155745597E-002   8.4153187312781347E-002
   1.6575000000000000       -6.9918482860948847       0.21669318753176897      -0.17781513954395978       0.17560832461266240        4.7177247700758332E-002   8.6335693297910188E-002  -2.3420859153093292       0.20533905999388946       -8.3944503522809192E-003   7.1809853187163014E-002   4.7177247700758332E-002   8.6335693297910188E-002
   1.6725000000000001       -6.9810767307092148       0.21096616847025668      -0.17921697397133182       0.17178410771247521        4.2163845032053462E-002   8.8041629480238040E-002  -2.3368131203796443       0.20010683566142018       -1.0042413147042482E-002   7.1667552704819587E-002   4.2163845032053462E-002   8.8041629480238040E-002
   1.6875000000000000       -6.9705689221855263       0.20543873320503792      -0.18050082125175157       0.16805335034127697        3.7407083242169646E-002   8.9349726954644410E-002  -2.3316433201954023       0.19504858799277441       -1.1648935497640950E-002   7.1478189987618179E-002   3.7407083242169646E-002   8.9349726954644410E-002
   1.7024999999999999       -6.9603168460129883       0.20010227891687676      -0.18167431665339298       0.16441439805762403        3.2892612016108033E-002   9.0322315008702220E-002  -2.3265745170493424       0.19015724870515235       -1.3213793488570371E-002   7.1245137810471842E-002   3.2892612016108033E-002   9.0322315008702220E-002
   1.7175000000000000       -6.9503124057366374       0.19494865162581529      -0.18274458392069234       0.16086551283169981        2.8607067996164696E-002   9.1009733852041461E-002  -2.3216046529157781       0.18542608572403640       -1.4736919971437151E-002   7.0971598877528991E-002   2.8607067996164696E-002   9.1009733852041461E-002
   1.7324999999999999       -6.9405481895104106       0.18997010486933347      -0.18371827087491369       0.15740489152912540        2.4537793315650137E-002   9.1453297446314974E-002  -2.3167316415197834       0.18084868503826501       -1.6218386010003819E-002   7.0660610167010002E-002   2.4537793315650137E-002   9.1453297446314974E-002
   1.7475000000000001       -6.9310164383892428       0.18515928320017086      -0.18460158660556766       0.15403068236724038        2.0672954510951934E-002   9.1687357941076741E-002  -2.3119534713207757       0.17641893363527314       -1.7658384312287619E-002   7.0315047730903579E-002   2.0672954510951934E-002   9.1687357941076741E-002
   1.7625000000000000       -6.9217099402866991       0.18050919795472251      -0.18540033057418326       0.15074099913752395        1.7001440964859189E-002   9.1740788760342112E-002  -2.3072681476966346       0.17213100336387763       -1.9057213865742960E-002   6.9937632042694722E-002   1.7001440964859189E-002   9.1740788760342112E-002
   1.7775000000000001       -6.9126225804597885       0.17601320626248890      -0.18611992079390002       0.14753393320768937        1.3512714908643053E-002   9.1638078287329505E-002  -2.3026736705924256       0.16797933595429998       -2.0415266342943137E-002   6.9530933496819117E-002   1.3512714908643053E-002   9.1638078287329505E-002
   1.7925000000000000       -6.9037469008760741       0.17166499139893798      -0.18676542572181115       0.14440756391798409        1.0197303392396280E-002   9.1400154383075749E-002  -2.2981680615925142       0.16395862889781956       -2.1733013938129726E-002   6.9097378144485341E-002   1.0197303392396280E-002   9.1400154383075749E-002
   1.8075000000000001       -6.8950767769635766       0.16745854401690613      -0.18734158126400333       0.14135996752232413        7.0455791489614124E-003   9.1045018072195213E-002  -2.2937495270866650       0.16006382177924258       -2.3010996727752052E-002   6.8639253557454705E-002   7.0455791489614124E-003   9.1045018072195213E-002
   1.8225000000000000       -6.8866061808949981       0.16338814490891568      -0.18785280987159061       0.13838922469545994        4.0490716254964858E-003   9.0588238718605038E-002  -2.2894160463362376       0.15629008371943803       -2.4249815864608750E-002   6.8158714671352649E-002   4.0490716254964858E-003   9.0588238718605038E-002
   1.8374999999999999       -6.8783288758014161       0.15944834907328401      -0.18830329612616478       0.13549342713392920        1.1995825768652945E-003   9.0043346701052934E-002  -2.2851657981811870       0.15263280174332472       -2.5450120958648497E-002   6.7657789727831943E-002   1.1995825768652945E-003   9.0043346701052934E-002
   1.8525000000000000       -6.8702394039708681       0.15563397041286225      -0.18869688754202638       0.13267068421717143       -1.5105454152925923E-003   8.9422148673697771E-002  -2.2809969816922222       0.14908756946038829       -2.6612604075754918E-002   6.7138386697520716E-002  -1.5105454152925923E-003   8.9422148673697771E-002
   1.8674999999999999       -6.8623323104092435       0.15194006746110161      -0.18903723334747688       0.12991912093091035       -4.0886086577307142E-003   8.8734984163504366E-002  -2.2769078225238237       0.14565017645951150       -2.7737991842182137E-002   6.6602295621558838E-002  -4.0886086577307142E-003   8.8734984163504366E-002
   1.8825000000000001       -6.8546020686715101       0.14836193003434611      -0.18932774121135376       0.12723689509106006       -6.5413990339308475E-003   8.7990934355150235E-002  -2.2728964905450364       0.14231659834533833       -2.8827039044524879E-002   6.6051200979012376E-002  -6.5413990339308475E-003   8.7990934355150235E-002
   1.8975000000000000       -6.8470434937545139       0.14489506680062259      -0.18957160471629075       0.12462218692711485       -8.8753465087702266E-003   8.7197998937490070E-002  -2.2689612962998638       0.13908298742825331       -2.9880522988124197E-002   6.5486680252921370E-002  -8.8753465087702266E-003   8.7197998937490070E-002
   1.9125000000000001       -6.8396520069069853       0.14153519340490389      -0.18977181658187400       0.12207321066750795       -1.1096515329098614E-002   8.6363238316817886E-002  -2.2651005969854801       0.13594566374197392       -3.0899237812498793E-002   6.4910213813573009E-002  -1.1096515329098614E-002   8.6363238316817886E-002
   1.9275000000000000       -6.8324225056995616       0.13827822255521260      -0.18993118205737941       0.11958820983309670       -1.3210626178488994E-002   8.5492898932967326E-002  -2.2613127245499847       0.13290110775528613       -3.1883990646636350E-002   6.4323186473484673E-002  -1.3210626178488994E-002   8.5492898932967326E-002
   1.9424999999999999       -6.8253504260716449       0.13512025071327108      -0.19005233893893497       0.11716546491361039       -1.5223078752095465E-002   8.4592513012785781E-002  -2.2575960155758770       0.12994594964780642       -3.2835596859551230E-002   6.3726895578073678E-002  -1.5223078752095465E-002   8.4592513012785781E-002
   1.9575000000000000       -6.8184482022879846       0.13205754052726465      -0.19013775159250088       0.11480329136725542       -1.7138971302236520E-002   8.3666990090635801E-002  -2.2539489676371507       0.12707695431768742       -3.3754876922493508E-002   6.3122554012711440E-002  -1.7138971302236520E-002   8.3666990090635801E-002
   1.9724999999999999       -6.8116611551018211       0.12908656570148072      -0.19018973930105937       0.11250004212897775       -1.8963111911227726E-002   8.2720690646853917E-002  -2.2503699753054311       0.12429106633576370       -3.4642652798839983E-002   6.2511295585155419E-002  -1.8963111911227726E-002   8.2720690646853917E-002
   1.9875000000000000       -6.8050352410740373       0.12620389126733045      -0.19021047752763243       0.11025410671065045       -2.0700066085982516E-002   8.1757491423459783E-002  -2.2468575174235017       0.12158529636427987       -3.5499745532946589E-002   6.1894178514180567E-002  -2.0700066085982516E-002   8.1757491423459783E-002
   2.0024999999999999       -6.7985499528441533       0.12340627638501081      -0.19020200903328818       0.10806391306025509       -2.2354127630018580E-002   8.0780841418507221E-002  -2.2434101600916905       0.11895682159810111       -3.6326972562013837E-002   6.1272190373744678E-002  -2.2354127630018580E-002   8.0780841418507221E-002
   2.0175000000000001       -6.7922013841646436       0.12069061245471120      -0.19016625097141748       0.10592792736517062       -2.3929361376410926E-002   7.9793810090489470E-002  -2.2400264275722299       0.11640292760957135       -3.7125145682760555E-002   6.0646251838847330E-002  -2.3929361376410926E-002   7.9793810090489470E-002
   2.0325000000000002       -6.7859857280954774       0.11805392422503948      -0.19010500598344024       0.10384465282746783       -2.5429619651171850E-002   7.8799132344426176E-002  -2.2367049476208360       0.11392101070567895       -3.7895068911038048E-002   6.0017219738298183E-002  -2.5429619651171850E-002   7.8799132344426176E-002
   2.0474999999999999       -6.7798992984419097       0.11549336803144233      -0.19001996576688812       0.10181263647387752       -2.6858543300742395E-002   7.7799240343515763E-002  -2.2334442454500731       0.11150857744381840       -3.8637537503556613E-002   5.9385894662121658E-002  -2.6858543300742395E-002   7.7799240343515763E-002
   2.0625000000000000       -6.7739386917306428       0.11300621826159477      -0.18991272128864539        9.9830453163388649E-002  -2.8219581113666268E-002   7.6796301255640548E-002  -2.2302430677959193       0.10916323269993405       -3.9353335809898429E-002   5.8753015266331213E-002  -2.8219581113666268E-002   7.6796301255640548E-002
   2.0775000000000001       -6.7681040193231157       0.11058986774537180      -0.18978476743357994        9.7896724634875573E-002  -2.9515985647836800E-002   7.5792243232607914E-002  -2.2271000498268747       0.10688268109087980       -4.0043236690693484E-002   5.8119272779066887E-002  -2.9515985647836800E-002   7.5792243232607914E-002
   2.0924999999999998       -6.7623813425015751       0.10824181886553083      -0.18963750884140954        9.6010105799096801E-002  -3.0750855756215344E-002   7.4788781103403201E-002  -2.2240138851696858       0.10466471936624644       -4.0707999834503392E-002   5.7485306387516089E-002  -3.0750855756215344E-002   7.4788781103403201E-002
   2.1074999999999999       -6.7567791108110216       0.10595967884157979      -0.18947226400671358        9.4169289059051933E-002  -3.1927120909351583E-002   7.3787438707954733E-002  -2.2209833681669031       0.10250723275761615       -4.1348370092207529E-002   5.6851708986438945E-002  -3.1927120909351583E-002   7.3787438707954733E-002
   2.1225000000000001       -6.7512878863695205       0.10374115460395078      -0.18929028436100798        9.2373003025114059E-002  -3.3047576812157378E-002   7.2789568600503923E-002  -2.2180072217144571       0.10040819086787110       -4.1965085174736932E-002   5.6219029548024983E-002  -3.3047576812157378E-002   7.2789568600503923E-002
   2.1375000000000002       -6.7459076588908582       0.10158404812653948      -0.18909272669675020        9.0620011902615955E-002  -3.4114818964089841E-002   7.1796369654874792E-002  -2.2150844278942445        9.8365643943838649E-002  -4.2558855009920550E-002   5.5587775767523426E-002  -3.4114818964089841E-002   7.1796369654874792E-002
   2.1524999999999999       -6.7406340229972876        9.9486251588253777E-002 -0.18888069918914807        8.8909114813363291E-002  -3.5131363981674844E-002   7.0808902631359943E-002  -2.2122134459644816        9.6377718927740288E-002  -4.3130388253515485E-002   5.4958416553473534E-002  -3.5131363981674844E-002   7.0808902631359943E-002
   2.1675000000000000       -6.7354652055511455        9.7445743269594265E-002 -0.18865522879163027        8.7239144933161580E-002  -3.6099581479714801E-002   6.9828104107566180E-002  -2.2093934572396350        9.4442616168509491E-002  -4.3680366290883205E-002   5.4331384289078313E-002  -3.6099581479714801E-002   6.9828104107566180E-002
   2.1825000000000001       -6.7303977211061214        9.5460583831089185E-002 -0.18841729033066315        8.5608969615593000E-002  -3.7021772736414896E-002   6.8854798921171328E-002  -2.2066232340855212        9.2558606455922843E-002  -4.4209461453698216E-002   5.3707077595456593E-002  -3.7021772736414896E-002   6.8854798921171328E-002
   2.1974999999999998       -6.7254291904361336        9.3528911518842975E-002 -0.18816779911388445        8.4017487931739465E-002  -3.7899968225107966E-002   6.7889711262018690E-002  -2.2039016932397142        9.0724026970380428E-002  -4.4718328228245438E-002   5.3085862374789863E-002  -3.7899968225107966E-002   6.7889711262018690E-002
   2.2124999999999999       -6.7205572015625066        9.1648939458648021E-002 -0.18790761597335975        8.2463631611125424E-002  -3.8736180465580014E-002   6.6933478995938836E-002  -2.2012278848586968        8.8937279215977993E-002  -4.5207604856197181E-002   5.2468074863246256E-002  -3.8736180465580014E-002   6.6933478995938836E-002
   2.2275000000000000       -6.7157790741983634        8.9818951752805437E-002 -0.18763755054974654        8.0946363406189506E-002  -3.9532472130549723E-002   6.5986641357234824E-002  -2.1986005479530215        8.7196825755244733E-002  -4.5677913417154277E-002   5.1854022973308114E-002  -3.9532472130549723E-002   6.5986641357234824E-002
   2.2425000000000002       -6.7110925167259285        8.8037300345075703E-002 -0.18735836637267675        7.9464676510688725E-002  -4.0290604930734900E-002   6.5049689130816032E-002  -2.1960188233503968        8.5501187653316851E-002  -4.6129860111265950E-002   5.1243988190733350E-002  -4.0290604930734900E-002   6.5049689130816032E-002
   2.2574999999999998       -6.7064954457955093        8.6302401827031999E-002 -0.18707077741124911        7.8017593727939261E-002  -4.1012383896121593E-002   6.4123029835710832E-002  -2.1934817143469205        8.3848941832524643E-002  -4.6564034316347730E-002   5.0638227211377784E-002  -4.1012383896121593E-002   6.4123029835710832E-002
   2.2725000000000000       -6.7019848538128182        8.4612734557225830E-002 -0.18677546721017993        7.6604166732652759E-002  -4.1699331543947470E-002   6.3207015376386316E-002  -2.1909878642702254        8.2238718700173852E-002  -4.6981010484302144E-002   5.0036973547340539E-002  -4.1699331543947470E-002   6.3207015376386316E-002
   2.2875000000000001       -6.6975602793813565        8.2966841809695768E-002 -0.18647306344671330        7.5223475262852141E-002  -4.2353086206965776E-002   6.2301943511703789E-002  -2.1885374847686325        8.0669205610822969E-002  -4.7381346210083705E-002   4.9440438988371610E-002  -4.2353086206965776E-002   6.2301943511703789E-002
   2.3025000000000002       -6.6932177433156479        8.1363299429365085E-002 -0.18616416726220913        7.3874626352745443E-002  -4.2975144798712603E-002   6.1408063236063168E-002  -2.1861285348667496        7.9139115789106304E-002  -4.7765584411546540E-002   4.8848815002353191E-002  -4.2975144798712603E-002   6.1408063236063168E-002
   2.3174999999999999       -6.6889565767223340        7.9800772677739246E-002 -0.18584934272299955        7.2556753571261817E-002  -4.3566930692782162E-002   6.0525579617777540E-002  -2.1837604662663099        7.7647243955358491E-002  -4.8134251815645006E-002   4.8262274051860878E-002  -4.3566930692782162E-002   6.0525579617777540E-002
   2.3325000000000000       -6.6847744159148883        7.8277954510919734E-002 -0.18552911739433015        7.1269006417488373E-002  -4.4129798834822279E-002   5.9654658011582519E-002  -2.1814328623332635        7.6192406634890630E-002  -4.8487860321059714E-002   4.7680964241423790E-002  -4.4129798834822279E-002   5.9654658011582519E-002
   2.3475000000000001       -6.6806684343619498        7.6793592990491405E-002 -0.18520399297029219        7.0010598877804114E-002  -4.4665039603633216E-002   5.8795428065977706E-002  -2.1791435426922710        7.4773469117616925E-002  -4.8826906988352917E-002   4.7105043465705161E-002  -4.4665039603633216E-002   5.8795428065977706E-002
   2.3624999999999998       -6.6766374085141376        7.5346483180298782E-002 -0.18487443670823470        6.8780710008462365E-002  -4.5173879782602101E-002   5.7947987221544706E-002  -2.1768930510977889        7.3389337864504370E-002  -4.9151874028342285E-002   4.6534614478882769E-002  -4.5173879782602101E-002   5.7947987221544706E-002
   2.3774999999999999       -6.6726805802368006        7.3935465111932774E-002 -0.18454089191992043        6.7578574009534709E-002  -4.5657492343784314E-002   5.7112403938209641E-002  -2.1746800440421095        7.2038958796820346E-002  -4.9463228997518857E-002   4.5969786578168692E-002  -4.5657492343784314E-002   5.7112403938209641E-002
   2.3925000000000001       -6.6687945389191201        7.2559421853514064E-002 -0.18420377219993841        6.6403470332627224E-002  -4.6116986420137417E-002   5.6288720607584511E-002  -2.1725037980896729        7.0721315668770407E-002  -4.9761425801614641E-002   4.5410670876202458E-002  -4.6116986420137417E-002   5.6288720607584511E-002
   2.4075000000000002       -6.6649785819992537        7.1217277634192347E-002 -0.18386347031394595        6.5254651959011992E-002  -4.6553384725473448E-002   5.5476894670127300E-002  -2.1703635431713040        6.9435428478329869E-002  -5.0046904426026301E-002   4.4857332776930839E-002  -4.6553384725473448E-002   5.5476894670127300E-002
   2.4224999999999999       -6.6612297580280986        6.9907996117715449E-002 -0.18352035408409734        6.4131425969489744E-002  -4.6967786647998645E-002   5.4677108465542752E-002  -2.1682574835880377        6.8180352008337303E-002  -5.0320091387222800E-002   4.4309848097440804E-002  -4.6967786647998645E-002   5.4677108465542752E-002
   2.4375000000000000       -6.6575492228335929        6.8630578704628339E-002 -0.18317477122797213        6.3033112158193183E-002  -4.7361112095529900E-002   5.3889156585830322E-002  -2.1661879728902269        6.6955174381499477E-002  -5.0581399855745598E-002   4.3768276164701775E-002  -4.7361112095529900E-002   5.3889156585830322E-002
   2.4525000000000001       -6.6539332867576544        6.7384062934521177E-002 -0.18282704442731409        6.1959050606775895E-002  -4.7734283737655092E-002   5.3113062654695495E-002  -2.1641512142883994        6.5759015699837234E-002  -5.0831230391912868E-002   4.3232666159258928E-002  -4.7734283737655092E-002   5.3113062654695495E-002
   2.4674999999999998       -6.6503750698704431        6.6167520998930043E-002 -0.18247748184306045        6.0908600912810279E-002  -4.8088176633550153E-002   5.2348773698777801E-002  -2.1621475661632026        6.4591026779850291E-002  -5.1069970934530230E-002   4.2703057721543210E-002  -4.8088176633550153E-002   5.2348773698777801E-002
   2.4824999999999999       -6.6468904970525342        6.4980058302911245E-002 -0.18212636857116052        5.9881141804731489E-002  -4.8423629254169043E-002   5.1596223274019151E-002  -2.1601762549989640        6.3450387923768781E-002  -5.1297997177739321E-002   4.2179481772688696E-002  -4.8423629254169043E-002   5.1596223274019151E-002
   2.4975000000000001       -6.6434604809210613        6.3820812025713852E-002 -0.18177398105399312        5.8876070358777066E-002  -4.8741440563138963E-002   5.0855332980977525E-002  -2.1582367213008502        6.2336307679178568E-002  -5.1515675219052134E-002   4.1661961005773476E-002  -4.8741440563138963E-002   5.0855332980977525E-002
   2.5125000000000002       -6.6400895557435318        6.2688949898065782E-002 -0.18142056313319432        5.7892801511183922E-002  -4.9042373157491742E-002   5.0126013732962979E-002  -2.1563282642782982        6.1248021800147365E-002  -5.1723350753317417E-002   4.1150510533174874E-002  -4.9042373157491742E-002   5.0126013732962979E-002
   2.5274999999999999       -6.6367774281285694        6.1583668864846973E-002 -0.18106636256889436        5.6930767519930162E-002  -4.9327155090015506E-002   4.9408167054454083E-002  -2.1544502526396472        6.0184792087004911E-002  -5.1921371104155629E-002   4.0645138451888399E-002  -4.9327155090015506E-002   4.9408167054454083E-002
   2.5425000000000000       -6.6335210631659614        6.0504193959758680E-002 -0.18071160098265265        5.5989417345902848E-002  -4.9596481277536561E-002   4.8701686167536132E-002  -2.1526020936345160        5.9145905424490615E-002  -5.2110064564158343E-002   4.0145846305910393E-002  -4.9596481277536561E-002   4.8701686167536132E-002
   2.5575000000000001       -6.6303216529251818        5.9449777144464068E-002 -0.18035648878102509        5.5068216207989892E-002  -4.9851015758669605E-002   4.8006456986723664E-002  -2.1507831353721309        5.8130672776942519E-002  -5.2289750249906272E-002   3.9652629629014682E-002  -4.9851015758669605E-002   4.8006456986723664E-002
   2.5724999999999998       -6.6271736374038719        5.8419696215666325E-002 -0.18000122360115234        5.4166645035727101E-002  -5.0091390047474413E-002   4.7322359084382579E-002  -2.1489928271378624        5.7138428242180614E-002  -5.2460737549089517E-002   3.9165478373531779E-002  -5.0091390047474413E-002   4.7322359084382579E-002
   2.5874999999999999       -6.6240855459860306        5.7413253790650362E-002 -0.17964599085849933        5.3284199985064742E-002  -5.0318217166044690E-002   4.6649266478426252E-002  -2.1472305878871234        5.6168528174875748E-002  -5.2623325513922667E-002   3.8684377344789196E-002  -5.0318217166044690E-002   4.6649266478426252E-002
   2.6025000000000000       -6.6210380364604173        5.6429776294592698E-002 -0.17929096418396820        5.2420391921918164E-002  -5.0532068785054743E-002   4.5987048427509968E-002  -2.1454958109597584        5.5220350304897310E-002  -5.2777803369662452E-002   3.8209306574613078E-002  -5.0532068785054743E-002   4.5987048427509968E-002
   2.6175000000000002       -6.6180464413126421        5.5468613058786274E-002 -0.17893630719123699        5.1574746040189738E-002  -5.0733500399024557E-002   4.5335570108758758E-002  -2.1437880512610126        5.4293292957744030E-002  -5.2924451192136679E-002   3.7740241756715531E-002  -5.0733500399024557E-002   4.5335570108758758E-002
   2.6324999999999998       -6.6151046758616676        5.4529135271828337E-002 -0.17858217117060543        5.0746801315006529E-002  -5.0923041079229313E-002   4.4694693204594099E-002  -2.1421066893921648        5.3386774125161782E-002  -5.3063539834847066E-002   3.7277154528256168E-002  -5.0923041079229313E-002   4.4694693204594099E-002
   2.6475000000000000       -6.6122108729520530        5.3610735574850049E-002 -0.17822870040173094        4.9936110171999344E-002  -5.1101196100864027E-002   4.4064276651772580E-002  -2.1404510908013985        5.2500231160580751E-002  -5.3195330782513442E-002   3.6820012876475655E-002  -5.1101196100864027E-002   4.4064276651772580E-002
   2.6625000000000001       -6.6093648992291323        5.2712826483752889E-002 -0.17787602729571672        4.9142237931930538E-002  -5.1268449204526487E-002   4.3444176821672537E-002  -2.1388211711547647        5.1633119320931398E-002  -5.3320077774185362E-002   3.6368781349771506E-002  -5.1268449204526487E-002   4.3444176821672537E-002
   2.6775000000000002       -6.6065657236148008        5.1834840244670763E-002 -0.17752427842323526        4.8364762517726423E-002  -5.1425262694603666E-002   4.2834248324294132E-002  -2.1372164461054868        5.0784911706674110E-002  -5.3438025825854149E-002   3.5923421431907340E-002  -5.1425262694603666E-002   4.2834248324294132E-002
   2.6924999999999999       -6.6038106208453158        5.0976227839350297E-002 -0.17717356962568662        4.7603274010699123E-002  -5.1572078977051579E-002   4.2234344268846896E-002  -2.1356351433271521        4.9955098364969482E-002  -5.3549411199906430E-002   3.5483891777501525E-002  -5.1572078977051579E-002   4.2234344268846896E-002
   2.7075000000000000       -6.6011005602156736        5.0136458287848157E-002 -0.17682400988347996        4.6857374287930034E-002  -5.1709321131421460E-002   4.1644316671247142E-002  -2.1340782635266144        4.9143185679560969E-002  -5.3654463498522306E-002   3.5050148480592361E-002  -5.1709321131421460E-002   4.1644316671247142E-002
   2.7225000000000001       -6.5984345570059313        4.9315017951758883E-002 -0.17647570180687566        4.6126676606257716E-002  -5.1837394308631997E-002   4.1064016812116716E-002  -2.1325448457359699        4.8348695757078786E-002  -5.3753404148491848E-002   3.4622145277852998E-002  -5.1837394308631997E-002   4.1064016812116716E-002
   2.7374999999999998       -6.5958098708788659        4.8511409898395308E-002 -0.17612874041572571        4.5410805293170001E-002  -5.1956686111897327E-002   4.0493295546113965E-002  -2.1310344333844764        4.7571165869220944E-002  -5.3846447010424937E-002   3.4199833807248128E-002  -5.1956686111897327E-002   4.0493295546113965E-002
   2.7524999999999999       -6.5932261037708608        4.7725153252949681E-002 -0.17578321152364837        4.4709395374703698E-002  -5.2067567063150508E-002   3.9932003593325480E-002  -2.1295465782044070        4.6810147879518108E-002  -5.3933799348049913E-002   3.3783163796625201E-002  -5.2067567063150508E-002   3.9932003593325480E-002
   2.7675000000000001       -6.5906857375384664        4.6955782605193480E-002 -0.17543920105391705        4.4022092224721705E-002  -5.2170392669403196E-002   3.9379991783668897E-002  -2.1280808401468110        4.6065207720139167E-002  -5.4015661256372097E-002   3.3372083246006934E-002  -5.2170392669403196E-002   3.9379991783668897E-002
   2.7825000000000002       -6.5881834715867624        4.6202847433086142E-002 -0.17509678367151235        4.3348551341442755E-002  -5.2265503081807163E-002   3.8837111319608472E-002  -2.1266368684318278        4.5335924882059703E-002  -5.4092226196046457E-002   3.2966538685367176E-002  -5.2265503081807163E-002   3.8837111319608472E-002
   2.7974999999999999       -6.5857212927875750        4.5465911377653087E-002 -0.17475602895246400        4.2688437807063606E-002  -5.2353223553165747E-002   3.8303010070859747E-002  -2.1252141044245061        4.4621891756203992E-002  -5.4163681254482725E-002   3.2566475172018418E-002  -5.2353223553165747E-002   3.8303010070859747E-002
   2.8125000000000000       -6.5832976421640259        4.4744552598495566E-002 -0.17441700392903822        4.2041425703380784E-002  -5.2433867164389726E-002   3.7778152075093906E-002  -2.1238122621418896        4.3922714032317386E-002  -5.4230207192930334E-002   3.2171836231958927E-002  -5.2433867164389726E-002   3.7778152075093906E-002
   2.8275000000000001       -6.5809100880863314        4.4038361473749385E-002 -0.17407977012273457        4.1407200491732798E-002  -5.2507731382587519E-002   3.7261779172966705E-002  -2.1224308833884855        4.3238008488802701E-002  -5.4291979165985285E-002   3.1782566054485664E-002  -5.2507731382587519E-002   3.7261779172966705E-002
   2.8424999999999998       -6.5785599244724517        4.3346941921154521E-002 -0.17374438154761110        4.0785452948901943E-002  -5.2575103576966473E-002   3.6753949656195925E-002  -2.1210696605090500        4.2567404334002308E-002  -5.4349165274795913E-002   3.1398605205621932E-002  -5.2575103576966473E-002   3.6753949656195925E-002
   2.8574999999999999       -6.5762625368037870        4.2669910020633126E-002 -0.17341089193438211        4.0175884820681559E-002  -5.2636256273553637E-002   3.6254519159840785E-002  -2.1197281438999398        4.1910541896609144E-002  -5.4401930181035743E-002   3.1019895293069068E-002  -5.2636256273553637E-002   3.6254519159840785E-002
   2.8725000000000001       -6.5739670349910346        4.2006893766870126E-002 -0.17307934626602359        3.9578205540728099E-002  -5.2691454246143778E-002   3.5763344627852960E-002  -2.1184059862379132        4.1267072422890433E-002  -5.4450429785060372E-002   3.0646376777686918E-002  -5.2691454246143778E-002   3.5763344627852960E-002
   2.8875000000000002       -6.5717227740715103        4.1357532615487684E-002 -0.17274979034245536        3.8992132488260299E-002  -5.2740948601394846E-002   3.5280284403078094E-002  -2.1171028466266817        4.0636657669173806E-002  -5.4494818365645736E-002   3.0277989477161569E-002  -5.2740948601394846E-002   3.5280284403078094E-002
   2.9024999999999999       -6.5695075637115536        4.0721477091184774E-002 -0.17242226354949564        3.8417391028698775E-002  -5.2784981048341915E-002   3.4805198340958722E-002  -2.1158182344566701        4.0018969553174563E-002  -5.4535242965190862E-002   2.9914672893290879E-002  -5.2784981048341915E-002   3.4805198340958722E-002
   2.9175000000000000       -6.5673351412017720        4.0098388385329045E-002 -0.17209680213405876        3.7853714531529414E-002  -5.2823783056677329E-002   3.4337947870252357E-002  -2.1145521051197220        3.9413689793059516E-002  -5.4571846197963902E-002   2.9556366511573982E-002  -5.2823783056677329E-002   3.4337947870252357E-002
   2.9325000000000001       -6.5651904925590872        3.9487937976519040E-002 -0.17177343927479086        3.7300842403030436E-002  -5.2857576687885877E-002   3.3878396072276412E-002  -2.1133038746254957        3.8820509567274543E-002  -5.4604765572933360E-002   2.9203008536762665E-002  -5.2857576687885877E-002   3.3878396072276412E-002
   2.9474999999999998       -6.5630777060230256        3.8889807319568120E-002 -0.17145220473937753        3.6758522219009160E-002  -5.2886574651087877E-002   3.3426407739386085E-002  -2.1120732403448370        3.8239129239939391E-002  -5.4634134452820095E-002   2.8854537812708768E-002  -5.2886574651087877E-002   3.3426407739386085E-002
   2.9624999999999999       -6.5609962055126703        3.8303687374491094E-002 -0.17113312594324789        3.6226508141562405E-002  -5.2910981018601415E-002   3.2981849422950175E-002  -2.1108599285303296        3.7669257927326942E-002  -5.4660081558766352E-002   2.8510892835248543E-002  -5.2910981018601415E-002   3.2981849422950175E-002
   2.9775000000000000       -6.5589453509395588        3.7729278397963070E-002 -0.17081622561651891        3.5704561016259614E-002  -5.2930992333296269E-002   3.2544589479697648E-002  -2.1096635947075550        3.7110613320865210E-002  -5.4682730080520318E-002   2.8172012062773751E-002  -5.2930992333296269E-002   3.2544589479697648E-002
   2.9925000000000002       -6.5569244660301047        3.7166289561958644E-002 -0.17050153007344340        3.5192448136125799E-002  -5.2946795505007242E-002   3.2114497953160792E-002  -2.1084840349024514        3.6562921338801416E-002  -5.4702203798228162E-002   2.7837833956267259E-002  -5.2946795505007242E-002   3.2114497953160792E-002
