  0.27750000000000002       0.11297935293485349        3.2027228916576125E-002   7.7578999997886542E-003   1.0428368293868148E-005   3.5584703131948496E-003   4.6944007419918565E-006   7.0054702536588532E-004   9.7801656841712896E-007   4.2694476292895732E-004   5.6165789648735693E-007   3.5584703131948496E-003   4.6944007419918565E-006
  0.29249999999999998       0.11032607850934101        5.5911705980063287E-002   8.6530674710639782E-003   1.0511446741538211E-005   3.9605544068781560E-003   4.7110942988962989E-006   7.8315992251760057E-004   1.2714966616301642E-006   4.7503699272307559E-004   5.6330876014003221E-007   3.9605544068781560E-003   4.7110942988962989E-006
  0.30750000000000000       0.10744010021476008        7.2798129515901394E-002   9.6030880877445400E-003   1.0600378501947035E-005   4.3853483615693056E-003   4.7287928549089393E-006   8.7173914209671044E-004   2.1074758670752643E-006   5.2581352723486967E-004   5.6506117129721038E-007   4.3853483615693056E-003   4.7287928549089393E-006
  0.32250000000000001       0.10441619237346314        8.6838284722380255E-002   1.0609301597574066E-002   1.0695435666774451E-005   4.8331028882578645E-003   4.7475174197986805E-006   9.6606159623021444E-004   3.7263992240590545E-006   5.7929939381372786E-004   5.6691764320561203E-007   4.8331028882578645E-003   4.7475174197986805E-006
  0.33750000000000002       0.10127274581580897        9.9222529967985529E-002   1.1673156820385451E-002   1.0796916954711413E-005   5.3040845583302307E-003   4.7672904731613341E-006   1.0663482059786115E-003   6.3688528874390121E-006   6.3552126600883009E-004   5.6888088665455306E-007   5.3040845583302307E-003   4.7672904731613341E-006
  0.35249999999999998        9.8018951147771705E-002  0.11048669963779570        1.2796219674729267E-002   1.0905150401548095E-005   5.7985763506808374E-003   4.7881360360566112E-006   1.1726889291946174E-003   1.0280879726438672E-005   6.9450753169671196E-004   5.7095382333903712E-007   5.7985763506808374E-003   4.7881360360566112E-006
  0.36749999999999999        9.4660751953466613E-002  0.12092391954426993        1.3980182143631894E-002   1.1020496424923410E-005   6.3168782407572680E-003   4.8100797488149758E-006   1.2851464222593018E-003   1.5716640248255119E-005   7.5628836732271449E-004   5.7313960068858044E-007   6.3168782407572680E-003   4.8100797488149758E-006
  0.38250000000000001        9.1203763007651803E-002  0.13071383261504352        1.5226872302475944E-002   1.1143351323296960E-005   6.8593078342775761E-003   4.8331489555130506E-006   1.4037893249301883E-003   2.2938247193673496E-005   8.2089581881116262E-004   5.7544160833772694E-007   6.8593078342775761E-003   4.8331489555130506E-006
  0.39750000000000002        8.7652794610476287E-002  0.13997515558803977        1.6538265552327524E-002   1.1274151280116857E-005   7.4262010486216279E-003   4.8573727956700606E-006   1.5286612625132244E-003   3.2215000506305707E-005   8.8836388977013786E-004   5.7786349644121019E-007   7.4262010486216279E-003   4.8573727956700606E-006
  0.41249999999999998        8.4012514010092312E-002  0.14879070647434781        1.7916497226243229E-002   1.1413376958076513E-005   8.0179128451876736E-003   4.8827823037778540E-006   1.6597886312720732E-003   4.3822312184078530E-005   9.5872863769807853E-004   5.8040919606847053E-007   8.0179128451876736E-003   4.8827823037778540E-006
  0.42749999999999999        8.0287507837918506E-002  0.15722068373150402        1.9363876765041275E-002   1.1561558785412847E-005   8.6348180163235422E-003   4.9094105173438504E-006   1.7971764569630242E-003   5.8040391348335960E-005   1.0320282789930469E-003   5.8308294194972302E-007   8.6348180163235422E-003   4.9094105173438504E-006
  0.44250000000000000        7.6482057298624867E-002  0.16531029199184444        2.0882903693800525E-002   1.1719283057211837E-005   9.2773120307926959E-003   4.9372925942011425E-006   1.9408205074772822E-003   7.5152817919486631E-005   1.1083033036735268E-003   5.8588929789022433E-007   9.2773120307926959E-003   4.9372925942011425E-006
  0.45750000000000002        7.2600544425859961E-002  0.17309439472377300        2.2476285672329493E-002   1.1887199000706918E-005   9.9458119421225507E-003   4.9664659399236132E-006   2.0906886059876869E-003   9.5445073203620864E-005   1.1875966008447953E-003   5.8883318522230758E-007   9.9458119421225507E-003   4.9664659399236132E-006
  0.47249999999999998        6.8647312881631575E-002  0.18060049438151710        2.4146958943762273E-002   1.2066026985951977E-005   1.0640757364610710E-002   4.9969703462779763E-006   2.2467331159822853E-003   1.1920304091665390E-004   1.2699535960904835E-003   5.9191991472804210E-007   1.0640757364610710E-002   4.9969703462779763E-006
  0.48749999999999999        6.4626501684769910E-002  0.18785071483058430        2.5898111567510554E-002   1.2256568103819815E-005   1.1362611522239182E-002   5.0288481417501020E-006   2.4088879092043149E-003   1.4671152729727182E-004   1.3554224021389309E-003   5.9515522254140432E-007   1.1362611522239182E-002   5.0288481417501020E-006
  0.50249999999999995        6.0542074315146160E-002  0.19486316486390404        2.7733209898882619E-002   1.2459715384389121E-005   1.2111862376273022E-002   5.0621443553019819E-006   2.5770686247258796E-003   1.7825281347932112E-004   1.4440539843532567E-003   5.9854531063063498E-007   1.2111862376273022E-002   5.0621443553019819E-006
  0.51749999999999996        5.6398548562880242E-002  0.20165290108717768        2.9656028871463881E-002   1.2676466993592204E-005   1.2889023837905265E-002   5.0969068946496557E-006   2.7511730119999323E-003   2.1410525940049089E-004   1.5359023428288330E-003   6.0209689257280929E-007   1.2889023837905265E-002   5.0969068946496557E-006
  0.53249999999999997        5.2199305851237818E-002  0.20823262372717777        3.1670686754647806E-002   1.2907941828727958E-005   1.3694637072961429E-002   5.1331867405040558E-006   2.9310822358063100E-003   2.5454214271510711E-004   1.6310247131594987E-003   6.0581724546847155E-007   1.3694637072961429E-002   5.1331867405040558E-006
  0.54749999999999999        4.7948522860135144E-002  0.21461318925257555        3.3781685203829646E-002   1.3155398039814823E-005   1.4529271906404162E-002   5.1710381583881993E-006   3.1166589534349430E-003   2.9982955328996570E-004   1.7294817882640189E-003   6.0971426901079030E-007   1.4529271906404162E-002   5.1710381583881993E-006
  0.56250000000000000        4.3649860509991853E-002  0.22080399465601455        3.5993955603085437E-002   1.3420255141559178E-005   1.5393528335190596E-002   5.2105189298388869E-006   3.3077515914888894E-003   3.5022692329925625E-004   1.8313379640586339E-003   6.1379655292924887E-007   1.5393528335190596E-002   5.2105189298388869E-006
  0.57750000000000001        3.9307021559278073E-002  0.22681326917588385        3.8312912930819495E-002   1.3704120560676486E-005   1.6288038158944661E-002   5.2516906050221395E-006   3.5041928580478734E-003   4.0598424682377384E-004   1.9366616122353198E-003   6.1807345428312575E-007   1.6288038158944661E-002   5.2516906050221395E-006
  0.59250000000000003        3.4923590673567650E-002  0.23264830007680526        4.0744518672904594E-002   1.4008821700346000E-005   1.7213466738926174E-002   5.2946187790436939E-006   3.7058011797967039E-003   4.6734194658432061E-004   2.0455253839775892E-003   6.2255518639906469E-007   1.7213466738926174E-002   5.2946187790436939E-006
  0.60750000000000004        3.0503033262048399E-002  0.23831560718520517        4.3295354685710490E-002   1.4336444918678622E-005   1.8170514896924422E-002   5.3393733945232316E-006   3.9123815804056336E-003   5.3452981855263708E-004   2.1580065491411580E-003   6.2725292164868103E-007   1.8170514896924422E-002   5.3393733945232316E-006
  0.62250000000000005        2.6048800292198075E-002  0.24382107998808603        4.5972710401212633E-002   1.4689383241047739E-005   1.9159920966993808E-002   5.3860290733298775E-006   4.1237266608222089E-003   6.0776624522687628E-004   2.2741873762774237E-003   6.3217891077163918E-007   1.9159920966993808E-002   5.3860290733298775E-006
  0.63749999999999996        2.1564134193853446E-002  0.24917009082811220        4.8784686407130518E-002   1.5070395199885549E-005   2.0182463014403362E-002   5.4346654807532553E-006   4.3396177796556513E-003   6.8725752142348570E-004   2.3941555599253563E-003   6.3734662210121668E-007   2.0182463014403362E-002   5.4346654807532553E-006
  0.65249999999999997        1.7052084302526284E-002  0.25436757420515160        5.1740318281641488E-002   1.5482677982649082E-005   2.1238961237816177E-002   5.4853677258170833E-006   4.5598256323344695E-003   7.7319725029764707E-004   2.5180047028972512E-003   6.4277090488995552E-007   2.1238961237816177E-002   5.4853677258170833E-006
  0.66749999999999998        1.2515976202519583E-002  0.25941810476286786        5.4849725692785005E-002   1.5929949102539480E-005   2.2330280572575415E-002   5.5382268019405038E-006   4.7841119789857065E-003   8.6576587656720923E-004   2.6458348629093686E-003   6.4846818202768930E-007   2.2330280572575415E-002   5.5382268019405038E-006
  0.68250000000000000        7.9586471582602375E-003  0.26432595006450549        5.8124293299997083E-002   1.6416602758004038E-005   2.3457333515086061E-002   5.5933400727270490E-006   5.0122300634920063E-003   9.6513028565231086E-004   2.7777531749589826E-003   6.5445667888433450E-007   2.3457333515086061E-002   5.5933400727270490E-006
  0.69750000000000001        3.3831224347783684E-003  0.26909511739810171        6.1576892084518692E-002   1.6947798000505060E-005   2.4621083190682368E-002   5.6508118083259152E-006   5.2439259734348796E-003   1.0714435068391241E-003   2.9138745634599110E-003   6.6075669692534001E-007   2.4621083190682368E-002   5.6508118083259152E-006
  0.71250000000000002       -1.2083471164794218E-003  0.27372939148528008        6.5222152632682842E-002   1.7529691079554301E-005   2.5822546690108254E-002   5.7107537785810098E-006   5.4789396661025398E-003   1.1848445012856614E-003   3.0543225615058248E-003   6.6739094332611544E-007   2.5822546690108254E-002   5.7107537785810098E-006
  0.72750000000000004       -5.8126120361844669E-003  0.27823236506643945        6.9076805973987271E-002   1.8169676954374452E-005   2.7062798702863516E-002   5.7732859100792350E-006   5.7170059662086979E-003   1.3054580346602506E-003   3.1992302589959106E-003   6.7438493132812302E-007   2.7062798702863516E-002   5.7732859100792350E-006
  0.74250000000000005       -1.0427176071488999E-002  0.28260746448602597        7.3160113409992331E-002   1.8876723245183930E-005   2.8342975479247533E-002   5.8385370152537196E-006   5.9578552890006920E-003   1.4333946281744143E-003   3.3487414071021204E-003   6.8176747094384630E-007   2.8342975479247533E-002   5.8385370152537196E-006
  0.75749999999999995       -1.5049843769680188E-002  0.28685797026620397        7.7494415268384242E-002   1.9661820278717899E-005   2.9664279157040205E-002   5.9066456029182900E-006   6.2012151695586912E-003   1.5687505808204784E-003   3.5030117142181637E-003   6.8957127645411779E-007   2.9664279157040205E-002   5.9066456029182900E-006
  0.77249999999999996       -1.9678155906443798E-002  0.29098703424170747        8.2105841144944319E-002   2.0538597870830984E-005   3.1027982493485283E-002   5.9777607810399737E-006   6.4468107939362777E-003   1.7116080628933332E-003   3.6622103788974459E-003   6.9783372691732362E-007   3.1027982493485283E-002   5.9777607810399737E-006
  0.78749999999999998       -2.4309878291841655E-002  0.29499769438899992        8.7025243383620110E-002   2.1524186718311676E-005   3.2435434048693756E-002   6.0520432642379359E-006   6.6943659861838358E-003   1.8620352696686127E-003   3.8265219195470030E-003   7.0659783016356725E-007   3.2435434048693756E-002   6.0520432642379359E-006
  0.80249999999999999       -2.8942872596663519E-002  0.29889288612149711        9.2289397327336722E-002   2.2640425972863099E-005   3.3888063872891463E-002   6.1296665004801355E-006   6.9436041026551126E-003   2.0200866322202036E-003   3.9961483806201185E-003   7.1591346198493808E-007   3.3888063872891463E-002   6.1296665004801355E-006
  0.81750000000000000       -3.3575099912634729E-002  0.30267103928827221        9.7942877391492100E-002   2.3915741750301596E-005   3.5387389757250434E-002   6.2108179337945140E-006   7.1942487681392444E-003   2.1857712287672482E-003   4.1713120236143812E-003   7.2583898466322157E-007   3.5387389757250434E-002   6.2108179337945140E-006
  0.83250000000000002       -3.8204580698438927E-002  0.30634815176350738       0.10404021835584520        2.5387728434699115E-005   3.6935024116554090E-002   6.2957004225950421E-006   7.4460249236020107E-003   2.3592123535915253E-003   4.3522586529942502E-003   7.3644339989721048E-007   3.6935024116554090E-002   6.2957004225950421E-006
  0.84750000000000003       -4.2829532799814919E-002  0.30991366537854481       0.11064940444131457        2.7107418877475416E-005   3.8532681581877865E-002   6.3845338365380929E-006   7.6986590248773927E-003   2.5403293454986722E-003   4.5392617900272755E-003   7.4780927374965077E-007   3.8532681581877865E-002   6.3845338365380929E-006
  0.86250000000000004       -4.7448153702392179E-002  0.31337460257481314       0.11785692094122122        2.9146031573061174E-005   4.0182187393091887E-002   6.4775568587863376E-006   7.9518802408730053E-003   2.7291564942052548E-003   4.7326280050481156E-003   7.6003681016405391E-007   4.0182187393091887E-002   6.4775568587863376E-006
  0.87749999999999995       -5.2058593924469584E-002  0.31673350556828145       0.12577545354655228        3.1606399823339003E-005   4.1885486694646389E-002   6.5750290253102168E-006   8.2054208789536058E-003   2.9256841941221979E-003   4.9327038755895367E-003   7.7324969388211781E-007   4.1885486694646389E-002   6.5750290253102168E-006
  0.89249999999999996       -5.6659642879266905E-002  0.31999285425114532       0.13455627062683112        3.4643389723074755E-005   4.3644654854191042E-002   6.6772330385806885E-006   8.4590169225883406E-003   3.1298912455900328E-003   5.1398853016145375E-003   7.8760482829736227E-007   4.3644654854191042E-002   6.6772330385806885E-006
  0.90749999999999997       -6.1249594661756702E-002  0.32315506829831980       0.14441024588140858        3.8503020362465268E-005   4.5461908942610374E-002   6.7844773999278550E-006   8.7124086615917810E-003   3.3417453067543000E-003   5.3546303767942876E-003   8.0330162419127895E-007   4.5461908942610374E-002   6.7844773999278550E-006
  0.92249999999999999       -6.5827068800054844E-002  0.32622251102767247       0.15564607268276520        4.3604456611682890E-005   4.7339620536651139E-002   6.8970994132445358E-006   8.9653411105610897E-003   3.5612033826674392E-003   5.5774779010653430E-003   8.2061050361227238E-007   4.7339620536651139E-002   6.8970994132445358E-006
  0.93750000000000000       -7.0390654297836419E-002  0.32919749198084103       0.16874801552554297        5.0734427775795525E-005   4.9280330032243302E-002   7.0154686229647416E-006   9.2175645276077085E-003   3.7882123205772037E-003   5.8090754496964376E-003   8.3990801923934236E-007   4.9280330032243302E-002   7.0154686229647416E-006
  0.95250000000000001       -7.4939115319574728E-002  0.33208226645425931       0.18455312175532915        6.1594852529658285E-005   5.1286762688840984E-002   7.1399907618087455E-006   9.4688347071049429E-003   4.0227093046768620E-003   6.0502251575486965E-003   8.6175531570477404E-007   5.1286762688840984E-002   7.1399907618087455E-006
  0.96750000000000003       -7.9471255870600860E-002  0.33487904278742409       0.20476102858534057        8.0843681957434803E-005   5.3361846663838267E-002   7.2711122992547981E-006   9.7189135913940648E-003   4.2646223794161695E-003   6.3019670242585755E-003   8.8707700563797575E-007   5.3361846663838267E-002   7.2711122992547981E-006
  0.98250000000000004       -8.3979660755989782E-002  0.33758997831632931       0.23412361245017826        1.2937130661708722E-004   5.5508733342872221E-002   7.4093257008430189E-006   9.9675692062247603E-003   4.5138709570750968E-003   6.5657618607475841E-003   9.1771359948456246E-007   5.5508733342872221E-002   7.4093257008430189E-006
  0.99750000000000005       -8.8482255157512735E-002  0.34021718336060836       0.30405010885948081        3.3594934608509500E-002   5.7730820328544957E-002   7.5551755322410883E-006   1.0214576169325763E-002   4.7703663316226346E-003   6.8442325822028289E-003   9.8387455616130752E-007   5.7730820328544957E-002   7.5551755322410883E-006
   1.0125000000000000       -9.2958950423749173E-002  0.34276272227776827       0.29447104120761919        9.1519836445907748E-002   6.0031777519242262E-002   7.7092655718159796E-006   1.0459715981411344E-002   5.0340121898156519E-003   7.1416800257127514E-003   4.5605567878739449E-006   6.0031777519242262E-002   7.7092655718159796E-006
   1.0275000000000001       -9.7415934602611526E-002  0.34522861401941929       0.28488937414399318       0.12373408983820866        6.2415576794467978E-002   7.8722631709529189E-006   1.0702766712863189E-002   5.3047051298041083E-003   7.4575270669579568E-003   1.7553869421944950E-005   6.2415576794467978E-002   7.8722631709529189E-006
   1.0425000000000000      -0.10184938834342698       0.34761683329242832       0.27548102221361725       0.14813824497096720        6.4886525927542890E-002   8.0449248831822658E-006   1.0943538678276485E-002   5.5823351671590270E-003   7.7893249877665077E-003   4.2856918830692979E-005   6.4886525927542890E-002   8.0449248831822658E-006
   1.0575000000000001      -0.10626295950474829       0.34992931080931344       0.26625252700585911       0.16820870636891694        6.7449307475967391E-002   8.2280842409893333E-006   1.1181841668940732E-002   5.8667861179100608E-003   8.1349199924705910E-003   8.2235251826786544E-005   6.7449307475967391E-002   8.2280842409893333E-006
   1.0725000000000000      -0.11065344027759773       0.35216793972662092       0.25720154948444224       0.18539424112296649        7.0109023561208975E-002   8.4226813084835120E-006   1.1417469068190633E-002   6.1579364001385656E-003   8.4923173888777955E-003   1.3684648942296164E-004   7.0109023561208975E-002   8.4226813084835120E-006
   1.0874999999999999      -0.11501989423155384       0.35433456249003387       0.24832447125665646       0.20046954787341809        7.2871247652398358E-002   8.6297750674281576E-006   1.1650244259563170E-002   6.4556590471923306E-003   8.8596739228542134E-003   2.0744872792070374E-004   7.2871247652398358E-002   8.6297750674281576E-006
   1.1025000000000000      -0.11936178405328508       0.35643098751147473       0.23961653232197250       0.21390906197232112        7.5742084724720882E-002   8.8505630284654333E-006   1.1879992529080658E-002   6.7598225371459505E-003   9.2352933630728863E-003   2.9451466779330818E-004   7.5742084724720882E-002   8.8505630284654333E-006
   1.1174999999999999      -0.12367921423920980       0.35845898064011583       0.23107314508334009       0.22602967083744926        7.8728241489763345E-002   9.0864088599380077E-006   1.2106546663742525E-002   7.0702910888702222E-003   9.6176152083043507E-003   3.9830362912135400E-004   7.8728241489763345E-002   9.0864088599380077E-006
   1.1325000000000001      -0.12797127662195174       0.36042026817523720       0.22268969469813296       0.23705625883856488        8.1837108814232035E-002   9.3388552842501386E-006   1.2329747002376407E-002   7.3869251078739241E-003   1.0005202098765939E-002   5.1891095705759597E-004   8.1837108814232035E-002   9.3388552842501386E-006
   1.1475000000000000      -0.13223745862716141       0.36231653761096938       0.21446172113006468       0.24715573411406558        8.5076858986187082E-002   9.6096830010403943E-006   1.2549441325482285E-002   7.7095816145038663E-003   1.0396733268582438E-002   6.5630380076438298E-004   8.5076858986187082E-002   9.6096830010403943E-006
   1.1625000000000001      -0.13647729964139155       0.36414943786652065       0.20638487981444997       0.25645632425184600        8.8456561197084685E-002   9.9009381428804425E-006   1.2765485128328542E-002   8.0381146429411680E-003   1.0790994897839220E-002   8.1034804303358387E-004   8.8456561197084685E-002   9.9009381428804425E-006
   1.1775000000000000      -0.14069070562072966       0.36592058016466927       0.19845496960492126       0.26505927232316862        9.1986319543576917E-002   1.0214990008932185E-005   1.2977740956307958E-002   8.3723756272204158E-003   1.1186871145321634E-002   9.8082912793587057E-004   9.1986319543576917E-002   1.0214990008932185E-005
   1.1924999999999999      -0.14487661840586902       0.36763153864302978       0.19066767895070114       0.27304631098682930        9.5677439100570735E-002   1.0554598409521180E-005   1.3186078906487540E-002   8.7122137714550039E-003   1.1583339865770184E-002   1.1674685070428904E-003   9.5677439100570735E-002   1.0554598409521180E-005
   1.2075000000000000      -0.14903501860450269       0.36927799039073383       0.18301961273305947       0.28048464583243726        9.9542627299418013E-002   1.0922998796467521E-005   1.3390376236063890E-002   9.0573326781837309E-003   1.1979462924632527E-002   1.3699368313639670E-003   9.9542627299418013E-002   1.0922998796467521E-005
   1.2224999999999999      -0.15316558936427002       0.37087901841110227       0.17550695210368908       0.28743039649604535       0.10359624014188243        1.1324010968630625E-005   1.3590517338788367E-002   9.4080093153473873E-003   1.2374381417747616E-002   1.5878646595874567E-003  0.10359624014188243        1.1324010968630625E-005
   1.2375000000000000      -0.15726804797235047       0.37241850781035757       0.16812566257125805       0.29393104506848938       0.10785458595823214        1.1762179420080527E-005   1.3786393662699624E-002   9.7636570737593097E-003   1.2767308049901316E-002   1.8208512358304841E-003  0.10785458595823214        1.1762179420080527E-005
   1.2524999999999999      -0.16134214268294009       0.37390375086375072       0.16087247806200250       0.30002722159179157       0.11233630387884468        1.2242956744591625E-005   1.3977903472389593E-002   1.0124263341672431E-002   1.3157530310136072E-002   2.0684717338847261E-003  0.11233630387884468        1.2242956744591625E-005
   1.2675000000000001      -0.16538765323401000       0.37533614508047541       0.15374379761422063       0.30575403602576201       0.11706277689885380        1.2772946515920511E-005   1.4164951764204983E-002   1.0489671148301519E-002   1.3544388311821384E-002   2.3302832730485706E-003  0.11706277689885380        1.2772946515920511E-005
   1.2825000000000000      -0.16940438451478390       0.37671705470237021       0.14673646215483846       0.31114208955806533       0.12205899271133232        1.3360217265277959E-005   1.4347450207951581E-002   1.0859723175570893E-002   1.3927287447341945E-002   2.6058299307452418E-003  0.12205899271133232        1.3360217265277959E-005
   1.2975000000000001      -0.17339217339545118       0.37804781100434148       0.13984731818125995       0.31621825481476556       0.12735395151435508        1.4014796608553366E-005   1.4525316858798014E-002   1.1234262006748666E-002   1.4305685614449427E-002   2.8946469140686609E-003  0.12735395151435508        1.4014796608553366E-005
   1.3125000000000000      -0.17735087928423862       0.37932971343209326       0.13307330469978423       0.32100630037304084       0.13298194590648443        1.4749221430971297E-005   1.4698476104738959E-002   1.1613130383777100E-002   1.4679090958039402E-002   3.1962641774051477E-003  0.13298194590648443        1.4749221430971297E-005
   1.3274999999999999      -0.18128055047218120       0.38056402919567589       0.12641158475853045       0.32552735506106834       0.13898387230632928        1.5579464974671150E-005   1.4866875608019962E-002   1.1996171403880708E-002   1.5047058296675278E-002   3.5102091540829819E-003  0.13898387230632928        1.5579464974671150E-005
   1.3425000000000000      -0.18518076996521096       0.38175199486276762       0.11985925820144053       0.32980032310402024       0.14540909855595929        1.6526207608883610E-005   1.5030417692642914E-002   1.2383228761006322E-002   1.5409185546920150E-002   3.8360094354660560E-003  0.14540909855595929        1.6526207608883610E-005
   1.3574999999999999      -0.18905162749137608       0.38289481676084536       0.11341358282012384       0.33384219145300265       0.15231805968596943        1.7616752228051193E-005   1.5189061529815430E-002   1.2774146938853271E-002   1.5765110584321704E-002   4.1731947329092488E-003  0.15231805968596943        1.7616752228051193E-005
   1.3725000000000001      -0.19289307283383106       0.38399367103177340       0.10707174960316636       0.33766829349080851       0.15978595881306937        1.8887977199175623E-005   1.5342754875533290E-002   1.3168771377281193E-002   1.6114509135841538E-002   4.5212986232299936E-003  0.15978595881306937        1.8887977199175623E-005
   1.3875000000000000      -0.19670507528392409       0.38504970310732578       0.10083152540574153       0.34129252602415550       0.16790820364564674        2.0391059359373711E-005   1.5491451009226824E-002   1.3566948602114945E-002   1.6457090404160140E-002   4.8798599867745235E-003  0.16790820364564674        2.0391059359373711E-005
   1.4025000000000001      -0.20048762193850325       0.38606403710791232        9.4690270749671637E-002  0.34472753016161561       0.17680868147280174        2.2199366417150401E-005   1.5635108427502174E-002   1.3968526694912008E-002   1.6792616921042315E-002   5.2484241979442918E-003  0.17680868147280174        2.2199366417150401E-005
   1.4175000000000000      -0.20424078940353046       0.38703775799242196        8.8645591944281829E-002  0.34798484366015847       0.18665290867957290        2.4422366054726008E-005   1.5773690737332820E-002   1.4373354791463388E-002   1.7120818857883132E-002   5.6265441058858216E-003  0.18665290867957290        2.4422366054726008E-005
   1.4325000000000001      -0.20796445065826213       0.38797193106295941        8.2695173920473694E-002  0.35107503014544300       0.19766988345327163        2.7231786124937364E-005   1.5907166726990656E-002   1.4781283873506870E-002   1.7441515225499641E-002   6.0137808337936451E-003  0.19766988345327163        2.7231786124937364E-005
   1.4475000000000000      -0.21165873259129475       0.38886759272913185        7.6836731019130730E-002  0.35400778791209975       0.21019232571648958        3.0915351964568484E-005   1.6035508904263810E-002   1.5192166560628608E-002   1.7754529351056657E-002   6.4097044250051010E-003  0.21019232571648958        3.0915351964568484E-005
   1.4624999999999999      -0.21532370410212939       0.38972575326689357        7.1068230556649375E-002  0.35679204678228471       0.22473323147663810        3.5999616735356380E-005   1.6158695639000756E-002   1.5605857289859852E-002   1.8059711201301464E-002   6.8138943591997281E-003  0.22473323147663810        3.5999616735356380E-005
   1.4775000000000000      -0.21895934886422841       0.39054739761249752        6.5387438137101031E-002  0.35943604679805868       0.24215903623102178        4.3580224153035339E-005   1.6276709060797905E-002   1.6022212420405239E-002   1.8356927772941001E-002   7.2259401167442663E-003  0.24215903623102178        4.3580224153035339E-005
   1.4924999999999999      -0.22256577312619091       0.39133348466883044        5.9792365741657610E-002  0.36194741019448529       0.26415331354629823        5.6453796004587958E-005   1.6389535526935811E-002   1.6441090321904120E-002   1.8646069537438525E-002   7.6454406012463685E-003  0.26415331354629823        5.6453796004587958E-005
   1.5075000000000001      -0.22614311430302947       0.39208495028558904        5.4281043585264227E-002  0.36433320252215196       0.29496349979904396        8.5212786534745412E-005   1.6497165371096734E-002   1.6862351462050049E-002   1.8927044445995383E-002   8.0720061431309026E-003  0.29496349979904396        8.5212786534745412E-005
   1.5225000000000000      -0.22969136121834655       0.39279496934877089        4.8851330542260769E-002  0.36659998617468831       0.36013770314429999        3.3881569417873946E-004   1.6599593006747546E-002   1.7285518051443127E-002   1.9204085348269638E-002   8.5052568385549660E-003  0.36013770314429999        3.3881569417873946E-004
   1.5375000000000001      -0.23321078651826621       0.39348763822863708        4.3501465322709570E-002  0.36875386811917810       0.37892980514119945        9.9573089254263253E-002   1.6696816424211971E-002   1.7711476256560853E-002   1.9464187618691557E-002   8.9448235630182997E-003  0.37892980514119945        9.9573089254263253E-002
   1.5525000000000000      -0.23670120510894430       0.39414061361972719        3.8231599214576230E-002  0.37080054056521650       0.36463662379652573       0.14188952310890435        1.6788837197003127E-002   1.8139071973238944E-002   1.9720262267658654E-002   9.3903478000623136E-003  0.36463662379652573       0.14188952310890435     
   1.5674999999999999      -0.24016342102416477       0.39476247456344871        3.3036130926404207E-002  0.37274531780355591       0.35090949050726733       0.17200476890161143        1.6875660324030806E-002   1.8568515128764659E-002   1.9967982848293261E-002   9.8414815158797929E-003  0.35090949050726733       0.17200476890161143     
   1.5825000000000000      -0.24359689715008778       0.39535404189632484        2.7916073517877601E-002  0.37459317231863776       0.33772143520146730       0.19582114741783579        1.6957269530011435E-002   1.8999677651109579E-002   2.0207306484987385E-002   1.0297887414089438E-002  0.33772143520146730       0.19582114741783579     
   1.5974999999999999      -0.24700113918538183       0.39591611637627655        2.2868985015166376E-002  0.37634875689557168       0.32503740034808548       0.21558539635618151        1.7033749484404597E-002   1.9432433976221332E-002   2.0438242405918339E-002   1.0759238479000491E-002  0.32503740034808548       0.21558539635618151     
   1.6125000000000000      -0.25037801256292969       0.39644947627439853        1.7893614556663957E-002  0.37801643768688120       0.31282385556238795       0.23245480170179561        1.7105015704659263E-002   1.9866660674707791E-002   2.0660774475027170E-002   1.1225218099229137E-002  0.31282385556238795       0.23245480170179561     
   1.6274999999999999      -0.25372682982249511       0.39695488110179999        1.2988251300914355E-002  0.37960031372969183       0.30105063694329010       0.24712390791065669        1.7171150093311330E-002   2.0302237235359448E-002   2.0874926901981453E-002   1.1695519850464027E-002  0.30105063694329010       0.24712390791065669     
   1.6425000000000001      -0.25704775632512095       0.39743307007965378        8.1511264519240345E-003  0.38110423931422804       0.28968948372425030       0.26005060721412054        1.7232163233566505E-002   2.0739045377095932E-002   2.1080722912922647E-002   1.2169847345183286E-002  0.28968948372425030       0.26005060721412054     
   1.6575000000000000      -0.26034096147891661       0.39788476346269280        3.3813239238729281E-003  0.38253184222245901       0.27871487436789771       0.27155668169290348        1.7288072891130490E-002   2.1176969426739464E-002   2.1278193763743666E-002   1.2647914061917079E-002  0.27871487436789771       0.27155668169290348     
   1.6725000000000001      -0.26360662458351464       0.39831066264358239       -1.3228348079616370E-003  0.38388654120337451       0.26810350945556877       0.28187894950931625        1.7338906949705246E-002   2.1615896212182142E-002   2.1467378263938495E-002   1.3129443159543550E-002  0.26810350945556877       0.28187894950931625     
   1.6875000000000000      -0.26684562627422387       0.39871145077877634       -5.9627217022291575E-003  0.38517156136593766       0.25783408283635145       0.29119790195886081        1.7384685271874697E-002   2.2055715104868340E-002   2.1648322371206081E-002   1.3614167279661613E-002  0.25783408283635145       0.29119790195886081     
   1.7024999999999999      -0.27005676725434524       0.39908779339264500       -1.0539670127933581E-002  0.38638994813416261       0.24788707062453708       0.29965490921190319        1.7425443356601865E-002   2.2496318008117529E-002   2.1821078142143215E-002   1.4101828338718026E-002  0.24788707062453708       0.29965490921190319     
   1.7175000000000000      -0.27324092361926683       0.39944033848290550       -1.5054976334576406E-002  0.38754458024804128       0.23824454412225399       0.30736315687588411        1.7461204047435425E-002   2.2937599353560774E-002   2.1985703343341805E-002   1.4592177319329908E-002  0.23824454412225399       0.30736315687588411     
   1.7324999999999999      -0.27639829050338982       0.39976971723382704       -1.9509900142271372E-002  0.38863818123162291       0.22889000481809027       0.31441490936759864        1.7492004386247519E-002   2.3379456105432017E-002   2.2142261248869984E-002   1.5084974056570055E-002  0.22889000481809027       0.31441490936759864     
   1.7475000000000001      -0.27952906500568664       0.40007654439063478       -2.3905667254711577E-002  0.38967332990647541       0.21980793914235641       0.32088651446549621        1.7517879083346118E-002   2.3821787735761466E-002   2.2290819393691076E-002   1.5579987004053310E-002  0.21980793914235641       0.32088651446549621     
   1.7625000000000000      -0.28263344855011718       0.40036141848662787       -2.8243587654613073E-002  0.39065247046094587       0.21098490372154172       0.32684195754532530        1.7538864542771197E-002   2.4264496209595362E-002   2.2431450133166903E-002   1.6076993029296473E-002  0.21098490372154172       0.32684195754532530     
   1.7775000000000001      -0.28571164332937293       0.40062492250225135       -3.2524586547947217E-002  0.39157792111282774       0.20240756500410348       0.33233545165823680        1.7554998801612681E-002   2.4707485982174326E-002   2.2564229512682873E-002   1.6575777180939624E-002  0.20240756500410348       0.33233545165823680     
   1.7925000000000000      -0.28876385481004119       0.40086762461008785       -3.6749910004204855E-002  0.39245188237526568       0.19406424151764390       0.33741336687144025        1.7566321359456981E-002   2.5150663996020124E-002   2.2689236849130344E-002   1.7076132465707820E-002  0.19406424151764390       0.33741336687144025     
   1.8075000000000001      -0.29179029266155221       0.40109007775097394       -4.0920650844982691E-002  0.39327644459554345       0.18594289002553790       0.34211569517845664        1.7572872850412875E-002   2.5593939618842584E-002   2.2806555083782647E-002   1.7577859631433941E-002  0.18594289002553790       0.34211569517845664     
   1.8225000000000000      -0.29479116660592553       0.40129282019345358       -4.5037884133221129E-002  0.39405359473332602       0.17803355238771124       0.34647718158859953        1.7574708055017197E-002   2.6037224623408899E-002   2.2916269442925123E-002   1.8080766936286810E-002  0.17803355238771124       0.34647718158859953     
   1.8374999999999999      -0.29776668489544944       0.40147637649222329       -4.9102696282178039E-002  0.39478522314374864       0.17032648718935484       0.35052821023165853        1.7571845516762143E-002   2.6480433200894236E-002   2.3018467960276370E-002   1.8584669948479272E-002  0.17032648718935484       0.35052821023165853     
   1.8525000000000000      -0.30071706400164050       0.40164125755641494       -5.3116005291199808E-002  0.39547313308024179       0.16281256029039270       0.35429550765302992        1.7564341939794875E-002   2.6923481915608890E-002   2.3113240739049225E-002   1.9089391505351598E-002  0.16281256029039270       0.35429550765302992     
   1.8674999999999999      -0.30364251696447603       0.40178796085970181       -5.7078845593999519E-002  0.39611902624237083       0.15548328018873642       0.35780270858670704        1.7552242541171440E-002   2.7366289666417146E-002   2.3200679888095301E-002   1.9594760538695771E-002  0.15548328018873642       0.35780270858670704     
   1.8825000000000001      -0.30654325804116733       0.40191697074340316       -6.0992197749084140E-002  0.39672454768017307       0.14833069140962515       0.36107080871576486        1.7535594083131656E-002   2.7808777652757993E-002   2.3280879180988270E-002   2.0100613787076546E-002  0.14833069140962515       0.36107080871576486     
   1.8975000000000000      -0.30941950086998588       0.40202875896128754       -6.4856972908041391E-002  0.39729124986585085       0.14134737422840446       0.36411855148098560        1.7514443560148731E-002   2.8250869356619038E-002   2.3353933607766945E-002   2.0606793626379308E-002  0.14134737422840446       0.36411855148098560     
   1.9125000000000001      -0.31227147062374855       0.40212378465494814       -6.8674068577705083E-002  0.39782062429659160       0.13452623246703810       0.36696272505882588        1.7488838951071662E-002   2.8692490484633661E-002   2.3419939760008404E-002   2.1113149212461671E-002  0.13452623246703810       0.36696272505882588     
   1.9275000000000000      -0.31509937494117113       0.40220249789674156       -7.2444408825472692E-002  0.39831408397283719       0.12786081803929569       0.36961843367203140        1.7458829074959940E-002   2.9133569165820133E-002   2.3478995013609831E-002   2.1619535175259025E-002  0.12786081803929569       0.36961843367203140     
   1.9424999999999999      -0.31790343500501622       0.40226533159272126       -7.6168829516060743E-002  0.39877298627341096       0.12134486280701345       0.37209929842886835        1.7424463221146880E-002   2.9574035314209123E-002   2.3531197651363522E-002   2.2125812418064651E-002  0.12134486280701345       0.37209929842886835     
   1.9575000000000000      -0.32068386635787516       0.40231267730213172       -7.9848217622997680E-002  0.39919862582615517       0.11497252630919386       0.37441765467508126        1.7385791419993787E-002   3.0013818736656532E-002   2.3576646566764486E-002   2.2631847373109852E-002  0.11497252630919386       0.37441765467508126     
   1.9724999999999999      -0.32344125166538384       0.40234505054297515       -8.3483377500949585E-002  0.39959224286061051       0.10873812045392091       0.37658469951472240        1.7342864139189344E-002   3.0452861422956407E-002   2.3615441244493267E-002   2.3137512094695868E-002  0.10873812045392091       0.37658469951472240     
   1.9875000000000000      -0.32617508470397960       0.40236275252339726       -8.7075057538896439E-002  0.39995502067819916       0.10263680086416713       0.37861062627890696        1.7295732343042387E-002   3.0891092249256423E-002   2.3647681477218345E-002   2.3642683763271888E-002  0.10263680086416713       0.37861062627890696     
   2.0024999999999999      -0.32888594300371976       0.40236620829933889       -9.0624155129569312E-002  0.40028809331423176        9.6663453713472472E-002  0.38050473776946758        1.7244447309140289E-002   3.1328452142771954E-002   2.3673467292251373E-002   2.4147244780419186E-002   9.6663453713472472E-002  0.38050473776946758     
   2.0175000000000001      -0.33157403849157996       0.40235580204861526       -9.4131380708208409E-002  0.40059254666926480        9.0813454223832579E-002  0.38227554217107707        1.7189060728065451E-002   3.1764881747109910E-002   2.3692898918561432E-002   2.4651082512820478E-002   9.0813454223832579E-002  0.38227554217107707     
   2.0325000000000002      -0.33423959047726526       0.40233190202890945       -9.7597482100365493E-002  0.40086941599233106        8.5082360271989094E-002  0.38393085037752844        1.7129624614291499E-002   3.2200323193694862E-002   2.3706076102955713E-002   2.5154088811412914E-002   8.5082360271989094E-002  0.38393085037752844     
   2.0474999999999999      -0.33688282130069197       0.40229487769711397      -0.10102318664872095       0.40111971485097536        7.9465999180856839E-002  0.38547782490831650        1.7066190576182923E-002   3.2634721398574561E-002   2.3713099249180497E-002   2.5656161522509987E-002   7.9465999180856839E-002  0.38547782490831650     
   2.0625000000000000      -0.33950392085778835       0.40224507580907021      -0.10440920838618964       0.40134437622426578        7.3960401458511571E-002  0.38692306909344154        1.6998812972368802E-002   3.3068022097437873E-002   2.3714067889783724E-002   2.6157200473610150E-002   7.3960401458511571E-002  0.38692306909344154     
   2.0775000000000001      -0.34210312716592184       0.40218284258528297      -0.10775624294797527       0.40154432952515867        6.8561796310354986E-002  0.38827267215730521        1.6927542410722612E-002   3.3500173560646065E-002   2.3709081542434170E-002   2.6657112084632971E-002   6.8561796310354986E-002  0.38827267215730521     
   2.0924999999999998      -0.34468064471463744       0.40210851309534695      -0.11106496722706510       0.40172045115092797        6.3266597985953799E-002  0.38953226039972477        1.6852432273180538E-002   3.3931125688136859E-002   2.3698239086572488E-002   2.7155805920415724E-002   6.3266597985953799E-002  0.38953226039972477     
   2.1074999999999999      -0.34723668677854214       0.40202241378824499      -0.11433603328931333       0.40187358518882049        5.8071396990281424E-002  0.39070704170262788        1.6773535195684881E-002   3.4360830145014232E-002   2.3681639223145055E-002   2.7653195764828432E-002   5.8071396990281424E-002  0.39070704170262788     
   2.1225000000000001      -0.34977146032855155       0.40192486267460281      -0.11756995679082635       0.40200454181781631        5.2977910562971228E-002  0.39180184414624164        1.6690904286035826E-002   3.4789240327167015E-002   2.3659379889075287E-002   2.8149199288907491E-002   5.2977910562971228E-002  0.39180184414624164     
   2.1375000000000002      -0.35228517780137680       0.40181616974745371      -0.12076765879289415       0.40211409933888526        4.7968144525417325E-002  0.39282115080990110        1.6604592101136555E-002   3.5216311361126663E-002   2.3631606570301361E-002   2.8643737920523996E-002   4.7968144525417325E-002  0.39282115080990110     
   2.1524999999999999      -0.35477804704831456       0.40169663651268167      -0.12392472831157531       0.40220300554209942        4.3054045474600885E-002  0.39376913031323268        1.6514651428035744E-002   3.5641999971124619E-002   2.3598320372909716E-002   2.9136736709029207E-002   4.3054045474600885E-002  0.39376913031323268     
   2.1675000000000000      -0.35725044110689241       0.40156655693897036      -0.12705645656648754       0.40227197838247630        3.8227645261356233E-002  0.39464966420359038        1.6421134979947717E-002   3.6066264568951359E-002   2.3559665078296425E-002   2.9628124142742220E-002   3.8227645261356233E-002  0.39464966420359038     
   2.1825000000000001      -0.35970223590852413       0.40142621868537159      -0.13014872386875093       0.40232171130634997        3.3486217540368762E-002  0.39546637160090736        1.6324095351011394E-002   3.6489065027072831E-002   2.3515735493849686E-002   3.0117832311627776E-002   3.3486217540368762E-002  0.39546637160090736     
   2.1974999999999998      -0.36213380056010980       0.40127589976081690      -0.13320701537179891       0.40235286658375347        2.8827819216761252E-002  0.39622263100815097        1.6223632179799455E-002   3.6910362938336078E-002   2.3466626164522157E-002   3.0605796222310501E-002   2.8827819216761252E-002  0.39622263100815097     
   2.2124999999999999      -0.36454540058455304       0.40111587249643332      -0.13623208097752348       0.40236608442502675        2.4250817463824792E-002  0.39692162586770946        1.6119704031109065E-002   3.7330121279891292E-002   2.3412359327863629E-002   3.1091954239376655E-002   2.4250817463824792E-002  0.39692162586770946     
   2.2275000000000000      -0.36693713589621657       0.40094640186941588      -0.13922417272406457       0.40236198014602897        1.9750393060815385E-002  0.39756623671354108        1.6012409510732586E-002   3.7748304540236893E-002   2.3353169344530161E-002   3.1576247696316062E-002   1.9750393060815385E-002  0.39756623671354108     
   2.2425000000000002      -0.36930894953761201       0.40076774630665823      -0.14218310510034762       0.40234114622325956        1.5324997709192465E-002  0.39815930638817876        1.5901800694524241E-002   3.8164878636280153E-002   2.3289097609749648E-002   3.2058620881897655E-002   1.5324997709192465E-002  0.39815930638817876     
   2.2574999999999998      -0.37166160288275518       0.40058015755494109      -0.14511099977253269       0.40230415291524213        1.0973387092203739E-002  0.39870340637163781        1.5787929119907177E-002   3.8579810957387009E-002   2.3220195808995776E-002   3.2539020783515060E-002   1.0973387092203739E-002  0.39870340637163781     
   2.2725000000000000      -0.37399502386958494       0.40038388036192551      -0.14800761728124029       0.40225154970196297        6.6932336416919425E-003  0.39920097438093538        1.5670776315692067E-002   3.8993070075747732E-002   2.3146549839581299E-002   3.3017397248249501E-002   6.6932336416919425E-003  0.39920097438093538     
   2.2875000000000001      -0.37630941035264887       0.40017918296425270      -0.15087345978044997       0.40218386589036770        2.4824241572472538E-003  0.39965430085724285        1.5550532229572443E-002   3.9404629002741783E-002   2.3068292905679931E-002   3.3493702643847545E-002   2.4824241572472538E-003  0.39965430085724285     
   2.3025000000000002      -0.37860315828330504       0.39996621192406340      -0.15370902312020995       0.40210161155085611       -1.6609515795509011E-003  0.40006554012540518        1.5427250452385492E-002   3.9814450491950752E-002   2.2985491138566336E-002   3.3967891893914831E-002  -1.6609515795509011E-003  0.40006554012540518     
   2.3174999999999999      -0.38088134955626007       0.39974528031664813      -0.15651478839243194       0.40200527835562799       -5.7401216470179123E-003  0.40043672069907676        1.5300786651947392E-002   4.0222515661828988E-002   2.2898223059774195E-002   3.4439922327570358E-002  -5.7401216470179123E-003  0.40043672069907676     
   2.3325000000000000      -0.38313978018972095       0.39951658064744888      -0.15929122881472352       0.40189528481238218       -9.7526456111450555E-003  0.40076975361578865        1.5171366025098380E-002   4.0628795506497076E-002   2.2806590723417473E-002   3.4909748793737524E-002  -9.7526456111450555E-003  0.40076975361578865     
   2.3475000000000001      -0.38537994037827517       0.39928032854521817      -0.16203936299500080       0.40177225502256764       -1.3704415614272880E-002  0.40106644142849279        1.5038986664071805E-002   4.1033265107494478E-002   2.2710667120944605E-002   3.5377347715032141E-002  -1.3704415614272880E-002  0.40106644142849279     
   2.3624999999999998      -0.38760201912845071       0.39903673412288282      -0.16475854120869970       0.40163646285535615       -1.7595654115828231E-002  0.40132848533204157        1.4903698021512934E-002   4.1435900657422267E-002   2.2610540525220112E-002   3.5842668673543909E-002  -1.7595654115828231E-002  0.40132848533204157     
   2.3774999999999999      -0.38980619757062568       0.39878600217031485      -0.16744975274979690       0.40148834217707863       -2.1428141929451056E-002  0.40155749233904336        1.4765549394178963E-002   4.1836679525953831E-002   2.2506295728790045E-002   3.6305678409810693E-002  -2.1428141929451056E-002  0.40155749233904336     
   2.3925000000000001      -0.39199266680943351       0.39852833236223795      -0.17011333949076382       0.40132844794480493       -2.5202953782300922E-002  0.40175498161020234        1.4624567657341721E-002   4.2235580180864873E-002   2.2398008455531075E-002   3.6766358166733196E-002  -2.5202953782300922E-002  0.40175498161020234     
   2.4075000000000002      -0.39416160324033001       0.39826391924826421      -0.17274991321023658       0.40115703157671767       -2.8921755403386998E-002  0.40192194477048915        1.4480844078878912E-002   4.2632582168779957E-002   2.2285764126841294E-002   3.7224664970675073E-002  -2.8921755403386998E-002  0.40192194477048915     
   2.4224999999999999      -0.39631318906334168       0.39799295255880129      -0.17535979702000615       0.40097452433275171       -3.2585944670839667E-002  0.40206107853200057        1.4334405402467373E-002   4.3027666097541703E-002   2.2169635196014593E-002   3.7680575210618954E-002  -3.2585944670839667E-002  0.40206107853200057     
   2.4375000000000000      -0.39844760331894002       0.39771561719857829      -0.17794339759115535       0.40078129583811711       -3.6196862995439255E-002  0.40217233551072584        1.4185299140999150E-002   4.3420813593043187E-002   2.2049703010058621E-002   3.8134062684479886E-002  -3.6196862995439255E-002  0.40217233551072584     
   2.4525000000000001      -0.40056502118418946       0.39743209331216134      -0.18050111494283594       0.40057770342578380       -3.9755828490753667E-002  0.40225738288794965        1.4033572286059571E-002   4.3812007264247749E-002   2.1926044454344332E-002   3.8585102948125671E-002  -3.9755828490753667E-002  0.40225738288794965     
   2.4674999999999998      -0.40266561959449809       0.39714255667149190      -0.18303334001900134       0.40036409168025178       -4.3264076092838395E-002  0.40231737961239677        1.3879271574926775E-002   4.4201230703776961E-002   2.1798735344271708E-002   3.9033673159016471E-002  -4.3264076092838395E-002  0.40231737961239677     
   2.4824999999999999      -0.40474957152054597       0.39684717869023672      -0.18554045607259145       0.40014079433446315       -4.6722822662520244E-002  0.40235342564282622        1.3722434409892847E-002   4.4588468450796725E-002   2.1667859884416163E-002   3.9479752149827796E-002  -4.6722822662520244E-002  0.40235342564282622     
   2.4975000000000001      -0.40681704829855048       0.39654612625210262      -0.18802285994764825       0.39990813347434251       -5.0133236795679853E-002  0.40236656590785114        1.3563124001880630E-002   4.4973705931505306E-002   2.1533470603084873E-002   3.9923320247616717E-002  -5.0133236795679853E-002  0.40236656590785114     
   2.5125000000000002      -0.40886822018176722       0.39623956233529717      -0.19048085579616841       0.39966642052100571       -5.3496447856269148E-002  0.40235779308847597        1.3401376905090346E-002   4.5356929490600911E-002   2.1395655862563735E-002   4.0364359267958533E-002  -5.3496447856269148E-002  0.40235779308847597     
   2.5274999999999999      -0.41090325529520755       0.39592764558204618      -0.19291486814068581       0.39941595677193542       -5.6813546451677258E-002  0.40232805123432669        1.3237238150952776E-002   4.5738126304882790E-002   2.1254480694665578E-002   4.0802852472935608E-002  -5.6813546451677258E-002  0.40232805123432669     
   2.5425000000000000      -0.41292232032625653       0.39561053081562159      -0.19532522936363306       0.39915703329803148       -6.0085683874094978E-002  0.40227823849832833        1.3070748464887184E-002   4.6117284404786810E-002   2.1110017549075523E-002   4.1238784462221484E-002  -6.0085683874094978E-002  0.40227823849832833     
   2.5575000000000001      -0.41492557968920346       0.39528836899481556      -0.19771228430952412       0.39888993181481947       -6.3313689247998683E-002  0.40220920966582790        1.2901957287248531E-002   4.6494392633229985E-002   2.0962335487154871E-002   4.1672141176435487E-002  -6.3313689247998683E-002  0.40220920966582790     
   2.5724999999999998      -0.41691319643195340       0.39496130725582079      -0.20007637498466285       0.39861492482371075       -6.6498643609695873E-002  0.40212177902785751        1.2730906638597628E-002   4.6869440614759852E-002   2.0811502882466651E-002   4.2102909820225402E-002  -6.6498643609695873E-002  0.40212177902785751     
   2.5874999999999999      -0.41888533192520883       0.39462948914416751      -0.20241783363969548       0.39833227601865495       -6.9641502989423260E-002  0.40201672230420049        1.2557640359075408E-002   4.7242418747946477E-002   2.0657586714023381E-002   4.2531078820719381E-002  -6.9641502989423260E-002  0.40201672230420049     
   2.6025000000000000      -0.42084214553947691       0.39429305454154318      -0.20473698700697107       0.39804224033607627       -7.2743191965742499E-002  0.40189477910469917        1.2382200038837827E-002   4.7613318162623000E-002   2.0500653168540127E-002   4.2956637750228732E-002  -7.2743191965742499E-002  0.40189477910469917     
   2.6175000000000002      -0.42278379547335343       0.39395214003393181      -0.20703415498015290       0.39774506488763051       -7.5804605383056264E-002  0.40175665484462386        1.2204625638756407E-002   4.7982130731793693E-002   2.0340767108261708E-002   4.3379577346525131E-002  -7.5804605383056264E-002  0.40175665484462386     
   2.6324999999999998      -0.42471043764899902       0.39360687798552940      -0.20930965202244134       0.39744098853487952       -7.8826611736844882E-002  0.40160302226836431        1.2024963808533136E-002   4.8348848921440368E-002   2.0177992536266974E-002   4.3799889390784719E-002  -7.8826611736844882E-002  0.40160302226836431     
   2.6475000000000000      -0.42662222588036008       0.39325739984220420      -0.21156405273168771       0.39713024298802324       -8.1810090783042272E-002  0.40143452482262182        1.1843248134775032E-002   4.8713466170060213E-002   2.0012392331581225E-002   4.4217566753220860E-002  -8.1810090783042272E-002  0.40143452482262182     
   2.6625000000000001      -0.42851931609746002       0.39290383081834757      -0.21379712915363955       0.39681305204386208       -8.4755779289446165E-002  0.40125177528336564        1.1659522638981852E-002   4.9075976201411506E-002   1.9844028403658422E-002   4.4632603237827737E-002  -8.4755779289446165E-002  0.40125177528336564     
   2.6775000000000002      -0.43040252387300038       0.39254629457868373      -0.21600944132625144       0.39648963275621629       -8.7664506940547310E-002  0.40105536031294697        1.1473827605273858E-002   4.9436373568932795E-002   1.9672961639443747E-002   4.5044993642356861E-002  -8.7664506940547310E-002  0.40105536031294697     
   2.6924999999999999      -0.43227066878842269       0.39218491157718738      -0.21820128043695100       0.39616019531690760       -9.0537055433879812E-002  0.40084584043247184        1.1286202474839635E-002   4.9794653422975184E-002   1.9499251912769602E-002   4.5454733679171716E-002  -9.0537055433879812E-002  0.40084584043247184     
   2.7075000000000000      -0.43412456384711073       0.39181979928696087      -0.22037293189945711       0.39582494346934061       -9.3374146563635088E-002  0.40062375157740937        1.1096686330417285E-002   5.0150811510040055E-002   1.9322958106949971E-002   4.5861819957848479E-002  -9.3374146563635088E-002  0.40062375157740937     
   2.7225000000000001      -0.43596435096018532       0.39145107219930336      -0.22252467660164757       0.39548407436382926       -9.6176491844367773E-002  0.40038960646077770        1.0905317684515154E-002   5.0504844143918870E-002   1.9144138155473566E-002   4.6266249906083592E-002  -9.6176491844367773E-002  0.40038960646077770     
   2.7374999999999998      -0.43779017717424729       0.39107884206528420      -0.22465678678099427       0.39513777919510262       -9.8944817842897603E-002  0.40014389571568021        1.0712145347983211E-002   5.0856748208629191E-002   1.8962848967182564E-002   4.6668021782833073E-002  -9.8944817842897603E-002  0.40014389571568021     
   2.7524999999999999      -0.43960218483200836       0.39070321782144102      -0.22676953518415313       0.39478624320940658      -0.10167978207997910       0.39988708908773929        1.0517185705019982E-002   5.1206521121696144E-002   1.8779146548625440E-002   4.7067134621367454E-002 -0.10167978207997910       0.39988708908773929     
   2.7675000000000001      -0.44140051419702153       0.39032430572875659      -0.22886318588485716       0.39442964577417761      -0.10438207398521125       0.39961963637275832        1.0320486458041608E-002   5.1554160825413538E-002   1.8593085891382109E-002   4.7463588180682498E-002 -0.10438207398521125       0.39961963637275832     
   2.7825000000000002      -0.44318530908013820       0.38994220944318736      -0.23093799827854983       0.39406816148486334      -0.10705232335323812       0.39934196873331929        1.0122083940113482E-002   5.1899665770107364E-002   1.8404721142265545E-002   4.7857383024096714E-002 -0.10705232335323812       0.39934196873331929     
   2.7974999999999999      -0.44495670028463119       0.38955702860047764      -0.23299422831186281       0.39370195832295962      -0.10969115364790009       0.39905237521902109        9.9220146119834620E-003   5.2243034698844427E-002   1.8214105463301111E-002   4.8248520244573503E-002 -0.10969115364790009       0.39905237521902109     
   2.8125000000000000      -0.44671482960742248       0.38916886646216259      -0.23503212649512406       0.39333119511928771      -0.11229912784258750       0.39875762319329700        9.7203140393078702E-003   5.2584267648163610E-002   1.8021322998959782E-002   4.8637001092640825E-002 -0.11229912784258750       0.39875762319329700     
   2.8275000000000001      -0.44845982952820751       0.38877781460895300      -0.23705193991891532       0.39295604681910157      -0.11487692420436732       0.39845172106528037        9.5170176270808187E-003   5.2923363870892415E-002   1.7826361564961851E-002   4.9022830056737132E-002 -0.11487692420436732       0.39845172106528037     
   2.8424999999999998      -0.45019183743273394       0.38838396848476120      -0.23905390803058052       0.39257665053283108      -0.11742507298836877       0.39813715684218975        9.3121594005806246E-003   5.3260323897279534E-002   1.7629303586387573E-002   4.9406008141493013E-002 -0.11742507298836877       0.39813715684218975     
   2.8574999999999999      -0.45191098108554362       0.38798741963935113      -0.24103827677703343       0.39219316118254954      -0.11994413280776055       0.39781428008337372        9.1057742802313872E-003   5.3595148471526362E-002   1.7430198253062908E-002   4.9786539704289506E-002 -0.11994413280776055       0.39781428008337372     
   2.8725000000000001      -0.45361739275416590       0.38758825749876480      -0.24300537561675128       0.39180572343686193      -0.12243464778505883       0.39748342635787592        8.8978957803054620E-003   5.3927838767432221E-002   1.7229094470019513E-002   5.0164428940096942E-002 -0.12243464778505883       0.39748342635787592     
   2.8875000000000002      -0.45531119979336721       0.38718656918686711      -0.24495522016235363       0.39141447660678452      -0.12489714488686182       0.39714491778779726        8.6885572741703422E-003   5.4258396341849653E-002   1.7026040094446436E-002   5.0539680438809777E-002 -0.12489714488686182       0.39714491778779726     
   2.9024999999999999      -0.45699253114351157       0.38678243974878440      -0.24688814539514714       0.39101955766189306      -0.12733214138742016       0.39679906376630830        8.4777915212344047E-003   5.4586823144039759E-002   1.6821082215906936E-002   5.0912299530572094E-002 -0.12733214138742016       0.39679906376630830     
   2.9175000000000000      -0.45866151307537550       0.38637595212423093      -0.24880437310006678       0.39062110416430401      -0.12974013815510149       0.39644616152216061        8.2656307993063359E-003   5.4913121491066502E-002   1.6614267024753340E-002   5.1282292640521532E-002 -0.12974013815510149       0.39644616152216061     
   2.9325000000000001      -0.46031826807349235       0.38596718718173562      -0.25070411828167710       0.39021923660676078      -0.13212162365043417       0.39608649678442465        8.0521074176407147E-003   5.5237294051991168E-002   1.6405639958027185E-002   5.1649664932079280E-002 -0.13212162365043417       0.39608649678442465     
   2.9474999999999998      -0.46196292106623521       0.38555622427765279      -0.25258759613716614       0.38981408247816696      -0.13447694465721649       0.39572034410256918        7.8372523856287627E-003   5.5559343908137757E-002   1.6195245636033188E-002   5.2014423428794462E-002 -0.13447694465721649       0.39572034410256918     
   2.9624999999999999      -0.46359559147859081       0.38514314010250428      -0.25445506302558718       0.38940576264965032      -0.13680682200030075       0.39534796745670453        7.6210969144553872E-003   5.5879274368418372E-002   1.5983127815423787E-002   5.2376575180680285E-002 -0.13680682200030075       0.39534796745670453     
   2.9775000000000000      -0.46521638837417922       0.38472800995726797      -0.25630661536212557       0.38899439462902569      -0.13911157986521561       0.39496962072488395        7.4036735884443119E-003   5.6197089133018324E-002   1.5769331784026182E-002   5.2736127653819291E-002 -0.13911157986521561       0.39496962072488395     
   2.9925000000000002      -0.46682547023288845       0.38431090721094791      -0.25814256766931676       0.38858009213842820      -0.14139165914366367       0.39458554622854303        7.1850399368398044E-003   5.6512792197406916E-002   1.5553893291694440E-002   5.3093088663963908E-002 -0.14139165914366367       0.39458554622854303     
