  0.27750000000000002       0.29329330950033117        9.4728749645287158E-002   7.8908756801568565E-003   1.0644864237865941E-005   2.4560210895721141E-003   3.2420357323973428E-006   1.4921191983593653E-002   2.6966901899711678E-005   1.9858750076308098E-003   2.6312062856412583E-006   2.4560210895721141E-003   3.2420357323973428E-006
  0.29249999999999998       0.27869210102443814       0.16406710962638033        8.8050000786960830E-003   1.0738426017666192E-005   2.7337266967673119E-003   3.2540157072457980E-006   1.6987592160340282E-002   8.1026801191411683E-005   2.2113568531589014E-003   2.6432430339225507E-006   2.7337266967673119E-003   3.2540157072457980E-006
  0.30750000000000000       0.26335246717587057       0.21181340646935873        9.7759547847408330E-003   1.0838644943203220E-005   3.0271589905792101E-003   3.2667174585716304E-006   1.9280421614363923E-002   2.3255722681184675E-004   2.4498238385838433E-003   2.6560460806233971E-006   3.0271589905792101E-003   3.2667174585716304E-006
  0.32250000000000001       0.24759064867269018       0.25044466085782219        1.0805255659628433E-002   1.0945840448207644E-005   3.3364979498470199E-003   3.2801561536207689E-006   2.1790196704386526E-002   5.1696805696088916E-004   2.7014612259814883E-003   2.6696384985299147E-006   3.3364979498470199E-003   3.2801561536207689E-006
  0.33750000000000002       0.23149357667541948       0.28356468576830723        1.1894543730546362E-002   1.1060363505204870E-005   3.6619349526566185E-003   3.2943480203298152E-006   2.4503846380326186E-002   9.6483801552498482E-004   2.9664671538545072E-003   2.6840452573501611E-006   3.6619349526566185E-003   3.2943480203298152E-006
  0.35249999999999998       0.21511818963926621       0.31280875521749163        1.3045594648462866E-002   1.1182599851625561E-005   4.0036731712585222E-003   3.3093103989511964E-006   2.7405096560256397E-002   1.6032084587687522E-003   3.2450532728402013E-003   2.6992933642212702E-006   4.0036731712585222E-003   3.3093103989511964E-006
  0.36749999999999999       0.19851183002824832       0.33908067890770732        1.4260329263596936E-002   1.1312973668066499E-005   4.3619279972380879E-003   3.3250617981186997E-006   3.0474865898648278E-002   2.4558753020050769E-003   3.5374454416812790E-003   2.7154120202524699E-006   4.3619279972380879E-003   3.3250617981186997E-006
  0.38250000000000001       0.18171746867775043       0.36294202736913872        1.5540825466331407E-002   1.1451951781019229E-005   4.7369274989104340E-003   3.3416219557113650E-006   3.3691684724449125E-002   3.5434163273501424E-003   3.8438844893810284E-003   2.7324327951206085E-006   4.7369274989104340E-003   3.3416219557113650E-006
  0.39750000000000002       0.16477535097416240       0.38477073459487920        1.6889331466075717E-002   1.1600048476299085E-005   5.1289129131021870E-003   3.3590119049123734E-006   3.7032166105550927E-002   4.8831516051408737E-003   4.1646270502546734E-003   2.7503898220535449E-006   5.1289129131021870E-003   3.3590119049123734E-006
  0.41249999999999998       0.14772290199083904       0.40483670263912042        1.8308280709903930E-002   1.1757831026390122E-005   5.5381391736901518E-003   3.3772540459025071E-006   4.0471439165477310E-002   6.4891084415875967E-003   4.4999464794993008E-003   2.7693200159132355E-006   5.5381391736901518E-003   3.3772540459025071E-006
  0.42749999999999999       0.13059505321638118       0.42334191578624047        1.9800308677887291E-002   1.1925926055748864E-005   5.9648754794958594E-003   3.3963722236756891E-006   4.3983612016333738E-002   8.3720193829758469E-003   4.8501338579578033E-003   2.7892633175366902E-006   5.9648754794958594E-003   3.3963722236756891E-006
  0.44250000000000000       0.11342499673206166       0.44044344253465506        2.1368271834235130E-002   1.2105026893781144E-005   6.4094059043869828E-003   3.4163918125176599E-006   4.7542206582058051E-002   1.0539363831477707E-002   5.2154990959743736E-003   2.8102629680244445E-006   6.4094059043869828E-003   3.4163918125176599E-006
  0.45750000000000002        9.6243729993475691E-002  0.45626743294216199        2.3015269064329991E-002   1.2295902097014460E-005   6.8720300527149924E-003   3.4373398077488171E-006   5.1120569191369467E-002   1.2995455178090896E-002   5.5963721476627402E-003   2.8323658173016540E-006   6.8720300527149924E-003   3.4373398077488171E-006
  0.47249999999999998        7.9080148722103338E-002  0.47091804021748157        2.4744665989619379E-002   1.2499405361617589E-005   7.3530637635259430E-003   3.4592449253994634E-006   5.4692254369046352E-002   1.5741570782574380E-002   5.9931043485732293E-003   2.8556226720400773E-006   7.3530637635259430E-003   3.4592449253994634E-006
  0.48749999999999999        6.1961439545450775E-002  0.48448331798881200        2.6560122627827157E-002   1.2716487097078507E-005   7.8528398673220964E-003   3.4821377105612697E-006   5.8231368189661785E-002   1.8776119718116619E-002   6.4060698916994924E-003   2.8800886889500417E-006   7.8528398673220964E-003   3.4821377105612697E-006
  0.50249999999999995        4.4912441149104629E-002  0.49703924214115769        2.8465624958569091E-002   1.2948207994458340E-005   8.3717089995301568E-003   3.5060506552438155E-006   6.1712874935667905E-002   2.2094841939017035E-002   6.8356674590705551E-003   2.9058238205679032E-006   8.3717089995301568E-003   3.5060506552438155E-006
  0.51749999999999996        2.7956354689164811E-002  0.50865252158888008        3.0465521068725545E-002   1.3195755002074887E-005   8.9100404752520193E-003   3.5310183266609512E-006   6.5112858851017488E-002   2.5691032036926995E-002   7.2823220289034178E-003   2.9328933220249435E-006   8.9100404752520193E-003   3.5310183266609512E-006
  0.53249999999999997        1.1113893844858572E-002  0.51938260464992303        3.2564562693744616E-002   1.3460460222941403E-005   9.4682232303416464E-003   3.5570775069801079E-006   6.8408748025497845E-002   2.9555780728086310E-002   7.7464868815384780E-003   2.9613683289504125E-006   9.4682232303416464E-003   3.5570775069801079E-006
  0.54749999999999999       -5.5951282121130680E-003  0.52928313842477825        3.4767953148177537E-002   1.3743823378837471E-005   1.0046666834373497E-002   3.5842673456903197E-006   7.1579490550433347E-002   3.3678227497420984E-002   8.2286458312622879E-003   2.9913265187149465E-006   1.0046666834373497E-002   3.5842673456903197E-006
  0.56250000000000000       -2.2153099228387041E-002  0.53840304211760226        3.7081402861458487E-002   1.4047538655129726E-005   1.0645802581650422E-002   3.6126295258838062E-006   7.4605694352944327E-002   3.8045818373258926E-002   8.7293157157863430E-003   3.0228528697658964E-006   1.0645802581650422E-002   3.6126295258838062E-006
  0.57750000000000001       -3.8544430358598711E-002  0.54678731739845587        3.9511194016959662E-002   1.4373526961630264E-005   1.1266084667051507E-002   3.6422084459040616E-006   7.7469727030235525E-002   4.2644563463764058E-002   9.2490491807860464E-003   3.0560405369809409E-006   1.1266084667051507E-002   3.6422084459040616E-006
  0.59250000000000003       -5.4754623664397359E-002  0.55447765855535036        4.2064256152177411E-002   1.4723974936301542E-005   1.1907991454251136E-002   3.6730514179932955E-006   8.0155780387469205E-002   4.7459289569994609E-002   9.7884378037506135E-003   3.0909918649532135E-006   1.1907991454251136E-002   3.6730514179932955E-006
  0.60750000000000004       -7.0770955545444089E-002  0.56151292048955825        4.4748255040717687E-002   1.5101382406395341E-005   1.2572026844662297E-002   3.7052088857774141E-006   8.2649902673520168E-002   5.2473883937215852E-002   1.0348115609764978E-002   3.1278195661637708E-006   1.2572026844662297E-002   3.7052088857774141E-006
  0.62250000000000005       -8.6582117711268836E-002  0.56792948191174564        4.7571697777170671E-002   1.5508620542502794E-005   1.3258721756381049E-002   3.7387346626614265E-006   8.4940002174595519E-002   5.7671525836938874E-002   1.0928763042143385E-002   3.1666480974241193E-006   1.3258721756381049E-002   3.7387346626614265E-006
  0.63749999999999996      -0.10217809812117681       0.57376154241168786        5.0544057772131515E-002   1.5949003648057753E-005   1.3968635723451380E-002   3.7736861934770246E-006   8.7015825349736606E-002   6.3034904814009612E-002   1.1531111463594980E-002   3.2076152762301337E-006   1.3968635723451380E-002   3.7736861934770246E-006
  0.65249999999999997      -0.11755038364722140       0.57904133095135979        5.3675924404255261E-002   1.6426378497495151E-005   1.4702358626946851E-002   3.8101248420329067E-006   8.8868913222618015E-002   6.8546419857151042E-002   1.2155948279530348E-002   3.2508741893748484E-006   1.4702358626946851E-002   3.8101248420329067E-006
  0.66749999999999998      -0.13269131763424605       0.58379930820861925        5.6979183465809602E-002   1.6945236485068816E-005   1.5460512570697887E-002   3.8481162075735977E-006   9.0492539829581775E-002   7.4188364836287740E-002   1.2804122795161440E-002   3.2965954601784880E-006   1.5460512570697887E-002   3.8481162075735977E-006
  0.68250000000000000      -0.14759507401356933       0.58806430747958238        6.0467236417075305E-002   1.7510855745363866E-005   1.6243753916005479E-002   3.8877304735624756E-006   9.1881636134244909E-002   7.9943093010031857E-002   1.3476552943488148E-002   3.3449699592182454E-006   1.6243753916005479E-002   3.8877304735624756E-006
  0.69750000000000001      -0.16225518845428030       0.59186366089656706        6.4155269037441842E-002   1.8129483118605528E-005   1.7052775491400073E-002   3.9290427926784041E-006   9.3032701003107926E-002   8.5793164325500409E-002   1.4174233053858780E-002   3.3962120682037321E-006   1.7052775491400073E-002   3.9290427926784041E-006
  0.71250000000000002      -0.17668387230027752       0.59522330422178382        6.8060583631530003E-002   1.8808569767565665E-005   1.7888308995462208E-002   3.9721337124647542E-006   9.3943705625885415E-002   9.1721474251272861E-002   1.4898242872977899E-002   3.4505636401487867E-006   1.7888308995462208E-002   3.9721337124647542E-006
  0.72750000000000004      -0.19083228712076186       0.59816786545913536        7.2203013978616615E-002   1.9557080055960866E-005   1.8751127612956772E-002   4.0170896467076994E-006   9.4613988829949175E-002   9.7711365003674666E-002   1.5649758105443699E-002   3.5082988449202653E-006   1.8751127612956772E-002   4.0170896467076994E-006
  0.74250000000000005      -0.20474208446709130       0.60072074299175537        7.6605449416261462E-002   2.0385902019767407E-005   1.9642048867090808E-002   4.0640033983644175E-006   9.5044151037714728E-002  0.10374671977451871        1.6430062814031046E-002   3.5697301531188098E-006   1.9642048867090808E-002   4.0640033983644175E-006
  0.75749999999999995      -0.21839754969741559       0.60290417333554103        8.1294504950162966E-002   2.1308401142103797E-005   2.0561937733640439E-002   4.1129747407305487E-006   9.5235944945432735E-002  0.10981204073932319        1.7240564118116263E-002   3.6352158014918322E-006   2.0561937733640439E-002   4.1129747407305487E-006
  0.77249999999999996      -0.23179727307008946       0.60473929094775614        8.6301389900892256E-002   2.2341159340331363E-005   2.1511710046068014E-002   4.1641072364398838E-006   9.5192166663363789E-002  0.11589251232152936        1.8082809762402546E-002   3.7051692128330779E-006   2.1511710046068014E-002   4.1641072364398838E-006
  0.78749999999999998      -0.24494085671364105       0.60624618634192273        9.1663051350346983E-002   2.3505117744838896E-005   2.2492336224644076E-002   4.2175241659041689E-006   9.4916547583325864E-002  0.12197405035088087        1.8958509313361283E-002   3.7800710335506158E-006   2.2492336224644076E-002   4.2175241659041689E-006
  0.80249999999999999      -0.25782848251471502       0.60744395306704924        9.7423705684300865E-002   2.4826976691484602E-005   2.3504845367090316E-002   4.2733466770688054E-006   9.4413650096367624E-002  0.12804333873399706        1.9869560002130977E-002   3.8604847371180820E-006   2.3504845367090316E-002   4.2733466770688054E-006
  0.81750000000000000      -0.27046086866686742       0.60834186617600838       0.10363693091942197        2.6341492286517510E-005   2.4550329743479409E-002   4.3317096969212500E-006   9.3688765314438260E-002  0.13408589967200585        2.0818078608953641E-002   3.9470771793486000E-006   2.4550329743479409E-002   4.3317096969212500E-006
  0.83250000000000002      -0.28283920961852088       0.60898377611954457       0.11036859086241788        2.8094799446866995E-005   2.5629949744198220E-002   4.3927592185833734E-006   9.2747816381531012E-002  0.14009588334392065        2.1806441339092070E-002   4.0406461827237769E-006   2.5629949744198220E-002   4.3927592185833734E-006
  0.84750000000000003      -0.29496513722977807       0.60935944820039600       0.11770103118087964        3.0149607049583238E-005   2.6744939336861201E-002   4.4566534440951448E-006   9.1597266627655022E-002  0.14605652435071276        2.2837334480612027E-002   4.1421583544341351E-006   2.6744939336861201E-002   4.4566534440951448E-006
  0.86250000000000004      -0.30684066742625327       0.60949330321932305       0.12573929073962481        3.2593590308249938E-005   2.7896612096346175E-002   4.5235640737389844E-006   9.0244030947031650E-002  0.15195968922434960        2.3913819947872318E-002   4.2528022514874962E-006   2.7896612096346175E-002   4.5235640737389844E-006
  0.87749999999999995      -0.31846815192067840       0.60940010321457061       0.13462064409510130        3.5553590274841419E-005   2.9086367881851420E-002   4.5936777644034274E-006   8.8695398955664168E-002  0.15779609280805462        2.5039421944151086E-002   4.3740653829807729E-006   2.9086367881851420E-002   4.5936777644034274E-006
  0.89249999999999996      -0.32985025980250737       0.60909385850906195       0.14452980633538204        3.9220978542862639E-005   3.0315700246330669E-002   4.6671977835449260E-006   8.6958954941645100E-002  0.16355723898960198        2.6218244584622206E-002   4.5078498366680119E-006   3.0315700246330669E-002   4.6671977835449260E-006
  0.90749999999999997      -0.34098982374561387       0.60858785923785741       0.15572552621946986        4.3900357048085362E-005   3.1586204677208227E-002   4.7443458902141298E-006   8.5042511770039408E-002  0.16923540059058961        2.7455136768548386E-002   4.6566538406610458E-006   3.1586204677208227E-002   4.7443458902141298E-006
  0.92249999999999999      -0.35189020918160735       0.60789470892031949       0.16858754650832211        5.0111924167695545E-005   3.2899587783350198E-002   4.8253644805697308E-006   8.2954046382681584E-002  0.17482359633121325        2.8755932907593672E-002   4.8238735735401278E-006   3.2899587783350198E-002   4.8253644805697308E-006
  0.93750000000000000      -0.36255468802583063       0.60702635650430992       0.18371314504308195        5.8833768699605743E-005   3.4257677562415580E-002   4.9105190425652438E-006   8.0701642116216582E-002  0.18031556401763471        3.0127823766160005E-002   5.0143441993435374E-006   3.4257677562415580E-002   4.9105190425652438E-006
  0.95250000000000001      -0.37298678326243734       0.60599412549300280       0.20213908425818705        7.2186635648875688E-005   3.5662434905614784E-002   5.0001009733893792E-006   7.8293573240620348E-002  0.18570573132474660        3.1579971668439503E-002   5.2354178517533616E-006   3.5662434905614784E-002   5.0001009733893792E-006
  0.96750000000000003      -0.38319023273896924       0.60480874282277286       0.22597794173001656        9.5987985599330490E-005   3.7115966524417426E-002   5.0944308241892126E-006   7.5737716883584882E-002  0.19098918453039618        3.3124650541406460E-002   5.4994876119746407E-006   3.7115966524417426E-002   5.0944308241892126E-006
  0.98250000000000004      -0.39316886688245301       0.60348036718781628       0.26115966486083314        1.5639439922493373E-004   3.8620539516952407E-002   5.1938620501499245E-006   7.3042316790571341E-002  0.19616163619954435        3.4779801415057578E-002   5.8318960376788011E-006   3.8620539516952407E-002   5.1938620501499245E-006
  0.99750000000000005      -0.40292664859560412       0.60201861529458134       0.34702349621886208        4.2212866798171440E-002   4.0178561037989412E-002   5.2987853608514369E-006   7.0215413616486810E-002  0.20121939167227676        3.6578897608964787E-002   6.6791019749918001E-006   4.0178561037989412E-002   5.2987853608514369E-006
   1.0125000000000000      -0.41246762319481306       0.60043258784038656       0.33265814244207631       0.11456391135303073        4.1792742148088695E-002   5.4096337868941062E-006   6.7264736691538457E-002  0.20615931542606589        3.8581744064920029E-002   5.9153470866615807E-005   4.1792742148088695E-002   5.4096337868941062E-006
   1.0275000000000001      -0.42179582753659778       0.59873089419847547       0.31836583403740348       0.15427974688890533        4.3465904150978195E-002   5.5268886053000365E-006   6.4198503366917570E-002  0.21097879713243073        4.0768873751477662E-002   2.4733363365290112E-004   4.3465904150978195E-002   5.5268886053000365E-006
   1.0425000000000000      -0.43091405835113761       0.59692167555674902       0.30436970924475748       0.18396755449636532        4.5201144277514919E-002   5.6510862997691740E-006   6.1024383934763518E-002  0.21567571794117119        4.3098581538140550E-002   6.0792478975022369E-004   4.5201144277514919E-002   5.6510862997691740E-006
   1.0575000000000001      -0.43982898244537444       0.59501262848003500       0.29067918400028381       0.20804125991386646        4.7001828570371246E-002   5.7828267746623644E-006   5.7749418545170406E-002  0.22024841738936141        4.5533641623282356E-002   1.1596518728125191E-003   4.7001828570371246E-002   5.7828267746623644E-006
   1.0725000000000000      -0.44858362256324369       0.59301103381505715       0.27729211853296581       0.22834921455689994        4.8871623876034859E-002   5.9227830965134103E-006   5.4381104748441378E-002  0.22469566407650843        4.8040901743446600E-002   1.9115464610832457E-003   4.8871623876034859E-002   5.9227830965134103E-006
   1.0874999999999999      -0.45706110028392771       0.59092375602137481       0.26420443114986614       0.24588473193591381        5.0814534820042966E-002   6.0717131079088503E-006   5.0926340590349402E-002  0.22901661584863359        5.0590800483325267E-002   2.8663884752964290E-003   5.0814534820042966E-002   6.0717131079088503E-006
   1.1025000000000000      -0.46538697271233548       0.58875728882495315       0.25141050283024091       0.26125933060012141        5.2834946737074832E-002   6.2304733511699744E-006   4.7392335637174383E-002  0.23321079892128271        5.3157175892482450E-002   4.0226400446167591E-003   5.2834946737074832E-002   6.2304733511699744E-006
   1.1174999999999999      -0.47352493736224432       0.58651776046311666       0.23890397562367005       0.27488371322329963        5.4937675758159742E-002   6.4000358609908759E-006   4.3785546807403222E-002  0.23727807339122059        5.5716967728994080E-002   5.3756887445932013E-003   5.4937675758159742E-002   6.4000358609908759E-006
   1.1325000000000001      -0.48147912831402134       0.58421095509623555       0.22667929253972754       0.28705101442766734        5.7128027553174691E-002   6.5815085466333129E-006   4.0112371657515834E-002  0.24121860642666104        5.8249937481364311E-002   6.9187104080399410E-003   5.7128027553174691E-002   6.5815085466333129E-006
   1.1475000000000000      -0.48925364638590607       0.58184233037556865       0.21473026713533366       0.29798008434854101        5.9411866609711261E-002   6.7761601004864139E-006   3.6378969396661680E-002  0.24503284526180263        6.0738428720520522E-002   8.6432971601446522E-003   5.9411866609711261E-002   6.7761601004864139E-006
   1.1625000000000001      -0.49685257056975851       0.57941703421609481       0.20305063649802002       0.30784006931039865        6.1795698429363971E-002   6.9854506623365637E-006   3.2591185732001808E-002  0.24872149190188939        6.3167136016986300E-002   1.0539929048603701E-002   6.1795698429363971E-002   6.9854506623365637E-006
   1.1775000000000000      -0.50427991308893572       0.57693992096048441       0.19163438989885506       0.31676533375746635        6.4286767681701551E-002   7.2110698689064776E-006   2.8754838363143680E-002  0.25228547896950004        6.5522871162279006E-002   1.2598335532009102E-002   6.4286767681701551E-002   7.2110698689064776E-006
   1.1924999999999999      -0.51154019735422263       0.57441556599321186       0.18047517136322724       0.32486501006931967        6.6893176234504192E-002   7.4549844723051497E-006   2.4875291464660193E-002  0.25572594693282230        6.7794402213493823E-002   1.4807776283471607E-002   6.6893176234504192E-002   7.4549844723051497E-006
   1.2075000000000000      -0.51863633465547276       0.57183920665166188       0.16956766189429476       0.33222937573670630        6.9624026162418307E-002   7.7194984880698870E-006   2.0957737889739828E-002  0.25904011175495112        6.9972230065288507E-002   1.7157261060025047E-002   6.9624026162418307E-002   7.7194984880698870E-006
   1.2224999999999999      -0.52557259760027597       0.56924213016291580       0.15890600617018347       0.33893426412872635        7.2489594450763861E-002   8.0073299384927762E-006   1.7007105046940266E-002  0.26224179967579075        7.2048436552595921E-002   1.9635722462995765E-002   7.2489594450763861E-002   8.0073299384927762E-006
   1.2375000000000000      -0.53235285281889833       0.56660093640913822       0.14848351491401196       0.34504420817397785        7.5501548343336583E-002   8.3217098523435998E-006   1.3028168818355898E-002  0.26532031834962383        7.4016525446018139E-002   2.2232151712067438E-002   7.5501548343336583E-002   8.3217098523435998E-006
   1.2524999999999999      -0.53898084152692227       0.56392830189811760       0.13829513969340473       0.35061473715311192        7.8673213414081136E-002   8.6665115240221836E-006   9.0253919851491886E-003  0.26828154952247590        7.5871275447642939E-002   2.4935704908206069E-002   7.8673213414081136E-002   8.6665115240221836E-006
   1.2675000000000001      -0.54546024209771160       0.56122761532721877       0.12833497532911933       0.35569409344574687        8.2019910905080790E-002   9.0464236607978442E-006   5.0030237713576987E-003  0.27112737725190211        7.7608609364455183E-002   2.7735785606434790E-002   8.2019910905080790E-002   9.0464236607978442E-006
   1.2825000000000000      -0.55179466020081192       0.55850206498201016       0.11859760895022579       0.36032453885597815        8.5559387346297172E-002   9.4671715105026767E-006   9.6514082493098785E-004  0.27385978405906003        7.9225470450501476E-002   3.0622108140448769E-002   8.5559387346297172E-002   9.4671715105026767E-006
   1.2975000000000001      -0.55798764163702042       0.55575464881420045       0.10907756485182563       0.36454336499078233        8.9312369045771500E-002   9.9358334356768319E-006  -3.0844495091069055E-003  0.27648083661663092        8.0719712915673369E-002   3.3584745075215194E-002   8.9312369045771500E-002   9.9358334356768319E-006
   1.3125000000000000      -0.56404264840464147       0.55298818564549312        9.9769529487434450E-002  0.36838370243790297        9.3303288506826634E-002   1.0461305050482213E-005  -7.1421114219297754E-003  0.27899267311047432        8.2089999167482774E-002   3.6614163343135095E-002   9.3303288506826634E-002   1.0461305050482213E-005
   1.3274999999999999      -0.56996308772362647       0.55020532336907346        9.0668284628809007E-002  0.37187512815818502        9.7561252229415557E-002   1.1054865659492588E-005  -1.1204448313729007E-002  0.28139749048735829        8.3335708218468585E-002   3.9701246229410625E-002   9.7561252229415557E-002   1.1054865659492588E-005
   1.3425000000000000      -0.57575228331330497       0.54740854963890606        8.1768764898345794E-002  0.37504420414997641       0.10212135499585265        1.1731111249729611E-005  -1.5268226291113986E-002  0.28369753412808141        8.4456847689232256E-002   4.2837311684799262E-002  0.10212135499585265        1.1731111249729611E-005
   1.3574999999999999      -0.58141349134505127       0.54460020032160816        7.3065876784376538E-002  0.37791488165009662       0.10702650424439389        1.2509286284882865E-005  -1.9330410515163703E-002  0.28589508756551263        8.5453978947206313E-002   4.6014120038329026E-002  0.10702650424439389        1.2509286284882865E-005
   1.3725000000000001      -0.58694989536405451       0.54178246702284405        6.4554876377764539E-002  0.38050884729844414       0.11233001764556882        1.3415347536069472E-005  -2.3388112715263698E-002  0.28799246279707791        8.6328154270363042E-002   4.9223877389921754E-002  0.11233001764556882        1.3415347536069472E-005
   1.3875000000000000      -0.59236460715524153       0.53895740341207987        5.6230913112376928E-002  0.38284580933324108       0.11809943341743846        1.4485260818069419E-005  -2.7438724995719449E-002  0.28999199096038331        8.7080836035261469E-002   5.2459234198449403E-002  0.11809943341743846        1.4485260818069419E-005
   1.4025000000000001      -0.59766066613918012       0.53612694503570335        4.8089318439342443E-002  0.38494373710425478       0.12442230130703191        1.5770502675410174E-005  -3.1479702552247441E-002  0.29189602125377623        8.7713857602534653E-002   5.5713280130965465E-002  0.12442230130703191        1.5770502675410174E-005
   1.4175000000000000      -0.60284104235778668       0.53329289040997629        4.0125532613213957E-002  0.38681906334277083       0.13141537010944254        1.7347742605630663E-005  -3.5508696859619465E-002  0.29370690004238315        8.8229360721820804E-002   5.8979535951258627E-002  0.13141537010944254        1.7347742605630663E-005
   1.4325000000000001      -0.60790862343320606       0.53045693444088593        3.2334916478468229E-002  0.38848685666052052       0.13923996023758520        1.9337026602400575E-005  -3.9523507907406850E-002  0.29542697876901369        8.8629754227477028E-002   6.2251943057154327E-002  0.13923996023758520        1.9337026602400575E-005
   1.4475000000000000      -0.61286626648293918       0.52762066085951531        2.4713453843467598E-002  0.38996096910259381       0.14812933315558083        2.1939068815181954E-005  -4.3522104809018372E-002  0.29705860089542813        8.8917660132217816E-002   6.5524851219467772E-002  0.14812933315558083        2.1939068815181954E-005
   1.4624999999999999      -0.61771669668887763       0.52478555131643090        1.7256863463772310E-002  0.39125416296214055       0.15844317489633736        2.5520350929760867E-005  -4.7502565834814568E-002  0.29860409817326139        8.9095919272468044E-002   6.8793004948729211E-002  0.15844317489633736        2.5520350929760867E-005
   1.4775000000000000      -0.62246263150923453       0.52195299099081705        9.9608625424365896E-003  0.39237822095702807       0.17078638390292603        3.0841515766293564E-005  -5.1463125765402754E-002  0.30006578631808489        8.9167473718208518E-002   7.2051528817422175E-002  0.17078638390292603        3.0841515766293564E-005
   1.4924999999999999      -0.62710667741850923       0.51912427405698514        2.8214692391412000E-003  0.39334404231726033       0.18633048308409461        3.9838559297021423E-005  -5.5402141108064046E-002  0.30144596081899644        8.9135419754675066E-002   7.5295912158599626E-002  0.18633048308409461        3.9838559297021423E-005
   1.5075000000000001      -0.63165139811591919       0.51630060857692972       -4.1652463762688052E-003  0.39416172675768868       0.20801847897692924        5.9819455640489779E-005  -5.9318091804568221E-002  0.30274689308543390        8.9002939079043941E-002   7.8521993277605215E-002  0.20801847897692924        5.9819455640489779E-005
   1.5225000000000000      -0.63609928569141605       0.51347300862569845       -1.1003247362282711E-002  0.39484064789556050       0.25343835383996521        2.3416670928144237E-004  -6.3208112905732458E-002  0.30396484077203600        8.8773236051456192E-002   8.1725943397363610E-002  0.25343835383996521        2.3416670928144237E-004
   1.5375000000000001      -0.64045276796223483       0.51067286334676143       -1.7695989394731271E-002  0.39538951927763355       0.26745312834763851        6.8571974421380411E-002  -6.7075166593629110E-002  0.30511997826904369        8.8449706662590874E-002   8.4904250707741366E-002  0.26745312834763851        6.8571974421380411E-002
   1.5525000000000000      -0.64471421394125217       0.50787081221821406       -2.4246525538888369E-002  0.39581645088963846       0.25859985157497589        9.8347698170249964E-002  -7.0913931526095236E-002  0.30619652752708160        8.8035674047311566E-002   8.8053704175724168E-002  0.25859985157497589        9.8347698170249964E-002
   1.5674999999999999      -0.64888592477751994       0.50507787806632332       -3.0659853438978230E-002  0.39612900100825688       0.24991786737461816       0.11993878008715617       -7.4724832177629028E-002  0.30720262255057729        8.7534341415432940E-002   9.1171377735742160E-002  0.24991786737461816       0.11993878008715617     
   1.5825000000000000      -0.65297014545777776       0.50229490620437356       -3.6939312676202506E-002  0.39633422515926525       0.24141350823669633       0.13730709084199103       -7.8506523699081815E-002  0.30814037410070544        8.6949192448796273E-002   9.4254615659459154E-002  0.24141350823669633       0.13730709084199103     
   1.5974999999999999      -0.65696906694686863       0.49952268256171262       -4.3087023122974383E-002  0.39643871013717125       0.23308466354916646       0.15194594112551824       -8.2257707339849717E-002  0.30901185578957502        8.6283484118057432E-002   9.7301015707512678E-002  0.23308466354916646       0.15194594112551824     
   1.6125000000000000      -0.66088480054959742       0.49676193390551193       -4.9106871970616167E-002  0.39644861832086725       0.22492772589488030       0.16461866235160683       -8.5978684182775988E-002  0.30981910075889463        8.5540541174735280E-002  0.10030841614568739       0.22492772589488030       0.16461866235160683     
   1.6274999999999999      -0.66471943403761757       0.49401333453753088       -5.5003780597682614E-002  0.39636971697823992       0.21693918371834964       0.17578090367008015       -8.9668556114045672E-002  0.31056410279301017        8.4723629491455288E-002  0.10327488066546642       0.21693918371834964       0.17578090367008015     
   1.6425000000000001      -0.66847497793163124       0.49127750725171632       -6.0775629717702701E-002  0.39620740952215205       0.20911490663022458       0.18573212793884719       -9.3325867426482176E-002  0.31124881411336047        8.3835958163801988E-002  0.10619868485183813       0.20911490663022458       0.18573212793884719     
   1.6575000000000000      -0.67215339262299545       0.48855502719393773       -6.6430653387664518E-002  0.39596676249723584       0.20145096223045228       0.19468259071841673       -9.6950414904448667E-002  0.31187514531828325        8.2880682133284353E-002  0.10907830298170082       0.20145096223045228       0.19468259071841673     
   1.6725000000000001      -0.67575658761079938       0.48584642415358847       -7.1970047191526970E-002  0.39565253044546933       0.19394353028562022       0.20278720838895165      -0.10054167088278251       0.31244496460836774        8.1860916143842818E-002  0.11191239541586104       0.19394353028562022       0.20278720838895165     
   1.6875000000000000      -0.67928642591718047       0.48315218544313221       -7.7396667337585601E-002  0.39526917842091236       0.18658868822776550       0.21016440715632784      -0.10409917147429826       0.31296009763541932        8.0779705087656695E-002  0.11469979646135112       0.18658868822776550       0.21016440715632784     
   1.7024999999999999      -0.68274470869478865       0.48047275822253160       -8.2713293313884398E-002  0.39482090247162105       0.17938277380616319       0.21690737991168604      -0.10762251229128300       0.31342232723311292        7.9640026771174627E-002  0.11743950282592812       0.17938277380616319       0.21690737991168604     
   1.7175000000000000      -0.68613320064175642       0.47780855187587135       -8.7922629910382979E-002  0.39431164854715989       0.17232215501172393       0.22309120044390679      -0.11111134392545531       0.31383339339549865        7.8444809395442960E-002  0.12013066263859795       0.17232215501172393       0.22309120044390679     
   1.7324999999999999      -0.68945361292645424       0.47515994022872260       -9.3027308484890145E-002  0.39374512965392450       0.16540329028030301       0.22877752227553655      -0.11456537123172741       0.31419499335157475        7.7196844637864012E-002  0.12277256501220726       0.16540329028030301       0.22877752227553655     
   1.7475000000000001      -0.69270761089171584       0.47252726363352848       -9.8029889922016847E-002  0.39312484143339377       0.15862252346653635       0.23401779984452298      -0.11798434738787850       0.31450878173630137        7.5898911385997234E-002  0.12536462999919223       0.15862252346653635       0.23401779984452298     
   1.7625000000000000      -0.69589681661575420       0.46991083070289291      -0.10293286542162214       0.39245407700794077       0.15197691336066083       0.23885556569918720      -0.12136807295067865       0.31477637069467773        7.4553689919111918E-002  0.12790639932270179       0.15197691336066083       0.23885556569918720     
   1.7775000000000001      -0.69902280492200641       0.46731092048639744      -0.10773865900326494       0.39173594006482987       0.14546296801936304       0.24332808327162964      -0.12471639043591549       0.31499933043370948        7.3163783271852412E-002  0.13039752738875021       0.14546296801936304       0.24332808327162964     
   1.7925000000000000      -0.70208711014145719       0.46472778450110264      -0.11244963054236493       0.39097335723741822       0.13907777337986538       0.24746757378878215      -0.12802918356517468       0.31517918982512583        7.1731714529009824E-002  0.13283777286838983       0.13907777337986538       0.24746757378878215     
   1.8075000000000001      -0.70509122755744502       0.46216164760172318      -0.11706825724285469       0.39016908950485774       0.13281758375690628       0.25130214523482552      -0.13130637595629072       0.31531743633770287        7.0259928839651292E-002  0.13522699079253131       0.13281758375690628       0.25130214523482552     
   1.8225000000000000      -0.70803660829621651       0.45961270964313183      -0.12159640454688342       0.38932574245436724       0.12667990184968578       0.25485650812045380      -0.13454792527402606       0.31541551668779921        6.8750790095892425E-002  0.13756512498245205       0.12667990184968578       0.25485650812045380     
   1.8374999999999999      -0.71092466252643682       0.45708114765702001      -0.12603642659471812       0.38844577643960998       0.12066158335052202       0.25815253539827854      -0.13775381987847796       0.31547483780539437        6.7206585068755556E-002  0.13985220113584695       0.12066158335052202       0.25815253539827854     
   1.8525000000000000      -0.71375676828442336       0.45456711689665547      -0.13039043683306861       0.38753151908519334       0.11475984172972151       0.26120970652749720      -0.14092408452863264       0.31549676727978820        6.5629521455250667E-002  0.14208832148953171       0.11475984172972151       0.26120970652749720     
   1.8674999999999999      -0.71653426396688391       0.45207075198624197      -0.13466049101484126       0.38658515412490835       0.10897186470650594       0.26404546479636665      -0.14405877049577459       0.31548263388449993        6.4021730059406839E-002  0.14427365142670423       0.10897186470650594       0.26404546479636665     
   1.8825000000000001      -0.71925844534114214       0.44959216811680092      -0.13884858933686617       0.38560876820892420       0.10329492999909026       0.26667550280837771      -0.14715795125636216       0.31543372822749921        6.2385264702251600E-002  0.14640842793372938       0.10329492999909026       0.26667550280837771     
   1.8975000000000000      -0.72193057900948876       0.44713146245301127      -0.14295667890562011       0.38460431832260494        9.7726450779813248E-002  0.26911400821815717      -0.15022173043094403       0.31535130362313757        6.0722104152321439E-002  0.14849293950513254        9.7726450779813248E-002  0.26911400821815717     
   1.9125000000000001      -0.72455190728481778       0.44468871484472527      -0.14698665223967128       0.38357366510408958        9.2263794256590259E-002  0.27137385083894910      -0.15325024147182692       0.31523657654446341        5.9034153374707764E-002  0.15052753090802132        9.2263794256590259E-002  0.27137385083894910     
   1.9275000000000000      -0.72712361699173811       0.44226399243073333      -0.15094042876531288       0.38251855818297359        8.6904558250607430E-002  0.27346675615657762      -0.15624362236617362       0.31509072989450526        5.7323244766542859E-002  0.15251259034917017        8.6904558250607430E-002  0.27346675615657762     
   1.9424999999999999      -0.72964688158070368       0.43985734132916232      -0.15481965102871442       0.38144066050590042        8.1646265955900105E-002  0.27540343187592509      -0.15920224446534875       0.31491490717363013        5.5591139811266982E-002  0.15444855212157951        8.1646265955900105E-002  0.27540343187592509     
   1.9575000000000000      -0.73212283488501506       0.43746876111994526      -0.15862613904230766       0.38034154348776777        7.6486553949720176E-002  0.27719369554204093      -0.16212589393722454       0.31471019410973960        5.3839530349277229E-002  0.15633588840856022        7.6486553949720176E-002  0.27719369554204093     
   1.9724999999999999      -0.73455257561995280       0.43509838505665760      -0.16236159023677810       0.37922269699372002        7.1423000242045093E-002  0.27884656874579355      -0.16501497229279610       0.31447774849828297        5.2070040974833656E-002  0.15817510730861775        7.1423000242045093E-002  0.27884656874579355     
   1.9875000000000000      -0.73693718590991286       0.43274611276843056      -0.16602768591541942       0.37808552873674744        6.6453612243524196E-002  0.28037036396352655      -0.16786969528274193       0.31421853616423812        5.0284230057764792E-002  0.15996674698869762        6.6453612243524196E-002  0.28037036396352655     
   2.0024999999999999      -0.73927771099463591       0.43041197846740609      -0.16962598817916236       0.37693137335896720        6.1576077800541335E-002  0.28177275812012387      -0.17069029695721197       0.31393359601794202        4.8483591818282087E-002  0.16171137414715853        6.1576077800541335E-002  0.28177275812012387     
   2.0175000000000001      -0.74157516612043684       0.42809597220180712      -0.17315807410042403       0.37576149503189554        5.6788299441967956E-002  0.28306085490149907      -0.17347702057514608       0.31362391177482823        4.6669558038430675E-002  0.16340958024157423        5.6788299441967956E-002  0.28306085490149907     
   2.0325000000000002      -0.74383054528703141       0.42579806757828242      -0.17662546680760949       0.37457708680482982        5.2088189726178132E-002  0.28424124985444421      -0.17623012434295815       0.31329043206102980        4.4843499643553733E-002  0.16506197646890231        5.2088189726178132E-002  0.28424124985444421     
   2.0474999999999999      -0.74604544997460920       0.42351824033803542      -0.18002964776166294       0.37337929905339523        4.7473746376388584E-002  0.28532006055924142      -0.17894988229086653       0.31293408432254011        4.3006729642058698E-002  0.16666920201220450        4.7473746376388584E-002  0.28532006055924142     
   2.0625000000000000      -0.74821954446596983       0.42125644338255641      -0.18337208006350600       0.37216918580135971        4.2943013111469475E-002  0.28630298833110135      -0.18163655320332800       0.31255575679774417        4.1160502709847425E-002  0.16823189615210193        4.2943013111469475E-002  0.28630298833110135     
   2.0775000000000001      -0.75035439226598399       0.41901263056239096      -0.18665400240695526       0.37094777822609382        3.8494085259036998E-002  0.28719534678079695      -0.18429052383658595       0.31215631626220713        3.9306106940840357E-002  0.16975072714039377        3.8494085259036998E-002  0.28719534678079695     
   2.0924999999999998      -0.75245086488929536       0.41678674574431218      -0.18987709491292259       0.36971603941511821        3.4125107814015440E-002  0.28800209732236948      -0.18691192158204603       0.31173660044633500        3.7444514813041840E-002  0.17122636854971174        3.4125107814015440E-002  0.28800209732236948     
   2.1074999999999999      -0.75450983938892624       0.41457872576321464      -0.19304252308197098       0.36847488467947620        2.9835300747193611E-002  0.28872787913393250      -0.18950112857857851       0.31129742048109321        3.5576912968839594E-002  0.17265950496449972        2.9835300747193611E-002  0.28872787913393250     
   2.1225000000000001      -0.75653215632726956       0.41238850076172612      -0.19615162051911619       0.36722518168410556        2.5619831992900272E-002  0.28937703573788520      -0.19205845321572101       0.31083956154278081        3.3704329267472896E-002  0.17405082901819138        2.5619831992900272E-002  0.28937703573788520     
   2.1375000000000002      -0.75851863667632735       0.41021599528360381      -0.19920560270855098       0.36596775298016315        2.1480063024099327E-002  0.28995363912490296      -0.19458423933427021       0.31036378397785724        3.1827778273221731E-002  0.17540103965650361        2.1480063024099327E-002  0.28995363912490296     
   2.1524999999999999      -0.76047008145928963       0.40806112746488560      -0.20220574354299312       0.36470337832772393        1.7413301733818803E-002  0.29046151104770590      -0.19707875718562942       0.30987082321638548        2.9948203222353975E-002  0.17671084051754155        1.7413301733818803E-002  0.29046151104770590     
   2.1675000000000000      -0.76238656380589620       0.40592381027309044      -0.20515311269653616       0.36343279625882408        1.3417825897640040E-002  0.29090424237296947      -0.19954233860931381       0.30936139091547238        2.8066511604384968E-002  0.17798093812966567        1.3417825897640040E-002  0.29090424237296947     
   2.1825000000000001      -0.76427024678415278       0.40380395335693670      -0.20804907914082352       0.36215670974058695        9.4919747454701858E-003  0.29128521057605483      -0.20197530999244426       0.30883617684808418        2.6183563719558454E-002  0.17921204230936483        9.4919747454701858E-003  0.29128521057605483     
   2.1974999999999998      -0.76612116684894505       0.40170145947939051      -0.21089468555082039       0.36087578104136309        5.6346651193594915E-003  0.29160759539867709      -0.20437790200287029       0.30829584654849862        2.4300180042460467E-002  0.18040486142037718        5.6346651193594915E-003  0.29160759539867709     
   2.2124999999999999      -0.76794078777106467       0.39961622877605024      -0.21369103871681061       0.35959064071769853        1.8448766822385249E-003  0.29187441213400356      -0.20675067856338009       0.30774104494397314        2.2417005641718654E-002  0.18156010472660261        1.8448766822385249E-003  0.29187441213400356     
   2.2275000000000000      -0.76972835044214483       0.39754815720747871      -0.21643921685709427       0.35830188580182609       -1.8803705564367362E-003  0.29208843221323699      -0.20909385571975517       0.30717239556347109        2.0535051203270593E-002  0.18267847959456074       -1.8803705564367362E-003  0.29208843221323699     
   2.2425000000000002      -0.77148525686480396       0.39549713744709381      -0.21913998329681073       0.35701008233749432       -5.5420443567970358E-003  0.29225237841047169      -0.21140776892771673       0.30659050160945284        1.8655024765592519E-002  0.18376069096808470       -5.5420443567970358E-003  0.29225237841047169     
   2.2574999999999998      -0.77321217765500105       0.39346305891290645      -0.22179493292664221       0.35571576669054594       -9.1410217054562204E-003  0.29236875289239095      -0.21369275816399144       0.30599594635294758        1.6777320492298381E-002  0.18480744035558855       -9.1410217054562204E-003  0.29236875289239095     
   2.2725000000000000      -0.77490976150978219       0.39144580763397785      -0.22440478200775466       0.35441944732269276       -1.2678774029583895E-002  0.29243993894773723      -0.21594916016228555       0.30538929342594873        1.4902709405612332E-002  0.18581942520394740       -1.2678774029583895E-002  0.29243993894773723     
   2.2875000000000001      -0.77657863884650757       0.38944529573246112      -0.22697049910508518       0.35312160602360243       -1.6156706127958831E-002  0.29246819109746414      -0.21817731629350479       0.30477111028193804        1.3031792539174226E-002  0.18679733807715554       -1.6156706127958831E-002  0.29246819109746414     
   2.3025000000000002      -0.77821942722071158       0.38746132069315026      -0.22949303498111168       0.35182269928211712       -1.9576105525889773E-002  0.29245564375847577      -0.22037728393831277       0.30414185836952168        1.1165139041685916E-002  0.18774186603105039       -1.9576105525889773E-002  0.29245564375847577     
   2.3174999999999999      -0.77983272934311487       0.38549384542817572      -0.23197331093142828       0.35052315956233143       -2.2939180433602623E-002  0.29240431918781118      -0.22254996185883225       0.30350211279460076        9.3032879285461015E-003  0.18865369003611671       -2.2939180433602623E-002  0.29240431918781118     
   2.3325000000000000      -0.78141912814388403       0.38354271926425854      -0.23441222750582291       0.34922334823101681       -2.6244277774969321E-002  0.29231613405857215      -0.22469541174898156       0.30285234423714746        7.4467497476141190E-003  0.18953345825605689       -2.6244277774969321E-002  0.29231613405857215     
   2.3475000000000001      -0.78297919485858047       0.38160781772512281      -0.23681066372224308       0.34792379826836795       -2.9495462161088670E-002  0.29219290643960122      -0.22681397101616754       0.30219302875436888        5.5960038960515442E-003  0.19038191669071622       -2.9495462161088670E-002  0.29219290643960122     
   2.3624999999999998      -0.78451348713080638       0.37968901472655692      -0.23916947371912134       0.34662473174877750       -3.2692932620935020E-002  0.29203636162921298      -0.22890597822566622       0.30152462637207178        3.7515071889231630E-003  0.19119964629479339       -3.2692932620935020E-002  0.29203636162921298     
   2.3774999999999999      -0.78602254339195410       0.37778618280450188      -0.24148949051178603       0.34532650407307719       -3.5837814090469475E-002  0.29184813783556218      -0.23097176601471109       0.30084758161868030        1.9136881060455788E-003  0.19198730261578500       -3.5837814090469475E-002  0.29184813783556218     
   2.3925000000000001      -0.78750690044889105       0.37589919334915933      -0.24377152802004187       0.34402956836308468       -3.8931218698831226E-002  0.29162979134672268      -0.23301167435914083       0.30016232405968002        8.2950602937309492E-005  0.19274559834628363       -3.8931218698831226E-002  0.29162979134672268     
   2.4075000000000002      -0.78896706569905195       0.37402791662628676      -0.24601637939893040       0.34273411125971354       -4.1974216841873038E-002  0.29138247833270142      -0.23502603174453171       0.29946926865723072       -1.7404425018981914E-003  0.19347509939354762       -4.1974216841873038E-002  0.29138247833270142     
   2.4224999999999999      -0.79040354835563997       0.37217222209134332      -0.24822481808262947       0.34144046895902558       -4.4967856666859887E-002  0.29110857399708168      -0.23701517046445464       0.29876881635761754       -3.5558992797973931E-003  0.19417645545554277       -4.4967856666859887E-002  0.29110857399708168     
   2.4375000000000000      -0.79181683336150466       0.37033197840287940      -0.25039759734271255       0.34014891988639917       -4.7913156079646253E-002  0.29080844759198365      -0.23897941968734793       0.29806135443307807       -5.3631995296559466E-003  0.19485028408288357       -4.7913156079646253E-002  0.29080844759198365     
   2.4525000000000001      -0.79320740288505132       0.36850705352337126      -0.25253579945652116       0.33885972746085757       -5.0811125005653476E-002  0.29048369538171398      -0.24091910480058101       0.29734725688679592       -7.1620284193846459E-003  0.19549719383812875       -5.0811125005653476E-002  0.29048369538171398     
   2.4674999999999998      -0.79457572568598323       0.36669731500001224      -0.25463945363778573       0.33757314002445965       -5.3662722646360288E-002  0.29013552968346512      -0.24283455139611068       0.29662688499720291       -8.9520903927150820E-003  0.19611778370071581       -5.3662722646360288E-002  0.29013552968346512     
   2.4824999999999999      -0.79592224896558283       0.36490263011937640      -0.25670960171816448       0.33628939274722541       -5.6468902244755925E-002  0.28976510513041603      -0.24472608101776316       0.29590058775591749       -1.0733108897417694E-002  0.19671264359976681       -5.6468902244755925E-002  0.28976510513041603     
   2.4975000000000001      -0.79724742437043639       0.36312286566194252      -0.25874694454584890       0.33500870723628934       -5.9230589334498568E-002  0.28937352203741395      -0.24659401262163597       0.29516870197478007       -1.2504836930203087E-002  0.19728235372746339       -5.9230589334498568E-002  0.28937352203741395     
   2.5125000000000002      -0.79855168339060745       0.36135788849928441      -0.26075209430028240       0.33373129263381163       -6.1948820928583725E-002  0.28896182889212196      -0.24843899826282467       0.29443155306922986       -1.4267001631546233E-002  0.19782748472414363       -6.1948820928583725E-002  0.28896182889212196     
   2.5274999999999999      -0.79983544964806619       0.35960756519503467      -0.26272575508016172       0.33245734633197405       -6.4624211880359134E-002  0.28853102555335186      -0.25026068508268606       0.29368945502768684       -1.6019410476840933E-002  0.19834859769204122       -6.4624211880359134E-002  0.28853102555335186     
   2.5425000000000000      -0.80109913022622958       0.35787176247158059      -0.26466854342987295       0.33118705409524296       -6.7257753509289170E-002  0.28808206562569899      -0.25205971510761888       0.29294271107778247       -1.7761845171303522E-002  0.19884624389332028       -6.7257753509289170E-002  0.28808206562569899     
   2.5575000000000001      -0.80234313669399659       0.35615034715763150      -0.26658107694698219       0.32992059106633942       -6.9850286290165042E-002  0.28761585882853385      -0.25383639618507836       0.29219161392484305       -1.9494112382822865E-002  0.19932096500696650       -6.9850286290165042E-002  0.28761585882853385     
   2.5724999999999998      -0.80356785362607563       0.35444318621461413      -0.26846396189505983       0.32865812206577150       -7.2402628309099978E-002  0.28713327348664769      -0.25559103303303193       0.29143644604749286       -2.1216033948059779E-002  0.19977329299955585       -7.2402628309099978E-002  0.28713327348664769     
   2.5874999999999999      -0.80477367030877589       0.35275014693142137      -0.27031778721815874       0.32739980214259434       -7.4915579532432885E-002  0.28663513839389443      -0.25732392737231036       0.29067748012538397       -2.2927493376809015E-002  0.20020375017540831       -7.4915579532432885E-002  0.28663513839389443     
   2.6025000000000000      -0.80596095923718369       0.35107109684216709      -0.27214312885665370       0.32614577681187434       -7.7389920255737876E-002  0.28612224501709527      -0.25903537762797285       0.28991497923341197       -2.4628243611467274E-002  0.20061284906392846       -7.7389920255737876E-002  0.28612224501709527     
   2.6175000000000002      -0.80713008639334649       0.34940590404482708      -0.27394054865675016       0.32489618300648015       -7.9826411842066736E-002  0.28559534930059943      -0.26072567905409444       0.28914919736009936       -2.6318193455720673E-002  0.20100109277060541       -7.9826411842066736E-002  0.28559534930059943     
   2.6324999999999998      -0.80828140962699335       0.34775443632718656      -0.27571059508251650       0.32365114890307251       -8.2225798774199013E-002  0.28505517317822193      -0.26239512373448948       0.28838037893363572       -2.7997216161337962E-002  0.20136897466325826       -8.2225798774199013E-002  0.28505517317822193     
   2.6475000000000000      -0.80941527307205929       0.34611656411690095      -0.27745380467077668       0.32241079498642167       -8.4588807140516725E-002  0.28450240738319393      -0.26404399980553994       0.28760876151018711       -2.9665196674395926E-002  0.20171697884152728       -8.4588807140516725E-002  0.28450240738319393     
   2.6625000000000001      -0.81053202485753206       0.34449215572698844      -0.27917070019732732       0.32117523358610578       -8.6916199306918657E-002  0.28393771087419561      -0.26567259493659290       0.28683457207061447       -3.1322030798637157E-002  0.20204557969093007       -8.6916199306918657E-002  0.28393771087419561     
   2.6775000000000002      -0.81163199065701142       0.34288108147988505      -0.28086179265018357       0.31994456997901100       -8.9208562348342124E-002  0.28336171445630270      -0.26728118684673252       0.28605803067043112       -3.2967624639887436E-002  0.20235524240953703       -8.9208562348342124E-002  0.28336171445630270     
   2.6924999999999999      -0.81271549609600457       0.34128321221018310      -0.28252758165554576       0.31871890243260048       -9.1466625288707637E-002  0.28277502113363967      -0.26887005763766386       0.28527934942589361       -3.4601912931806693E-002  0.20264642291532711       -9.1466625288707637E-002  0.28277502113363967     
   2.7075000000000000      -0.81378286155436552       0.33969841944003709      -0.28416855355822479       0.31749832267279143       -9.3691048241310360E-002  0.28217820757275625      -0.27043948216943992       0.28449873288011324       -3.6224784580099936E-002  0.20291956802595079       -9.3691048241310360E-002  0.28217820757275625     
   2.7225000000000001      -0.81483439215087961       0.33812657535094237      -0.28578518616859672       0.31628291589528446       -9.5882477911024611E-002  0.28157182541566039      -0.27198973025046408       0.28371637819416556       -3.7836192376047420E-002  0.20317511536610600       -9.5882477911024611E-002  0.28157182541566039     
   2.7374999999999998      -0.81587039574332210       0.33656755296451846      -0.28737794218732698       0.31507276139867624       -9.8041563382207333E-002  0.28095640242394138      -0.27352107215413463       0.28293247550791800       -3.9436086324544019E-002  0.20341349368546402       -9.8041563382207333E-002  0.28095640242394138     
   2.7524999999999999      -0.81689116397415495       0.33502122604820683      -0.28894727835213307       0.31386793270360269      -0.10016888266833271       0.28033244364306337      -0.27503377250106525       0.28214720806527699       -4.1024407956425549E-002  0.20363512286354962      -0.10016888266833271       0.28033244364306337     
   2.7675000000000001      -0.81789698643831099       0.33348746920500000      -0.29049363807437334       0.31266849771785804      -0.10226506198722175       0.27970043238582093      -0.27652809216305307       0.28136075248835929       -4.2601112552099460E-002  0.20384041395432806      -0.10226506198722175       0.27970043238582093     
   2.7825000000000002      -0.81888814868266735       0.33196615790275541      -0.29201745475054924       0.31147451971692075      -0.10433068123619270       0.27906083144783850      -0.27800429230932344       0.28057327899607964       -4.4166177131267900E-002  0.20402976977495196      -0.10433068123619270       0.27906083144783850     
   2.7974999999999999      -0.81986492629989227       0.33045716724239244      -0.29351915291657454       0.31028605598205761      -0.10636631016230386       0.27841260189955452      -0.27946262248043963       0.27978495055004238       -4.5719564700840286E-002  0.20420358397739841      -0.10636631016230386       0.27841260189955452     
   2.8125000000000000      -0.82082757536585027       0.32896037841139403      -0.29499914687513434       0.30910315591462878      -0.10837251476593779       0.27776061305204020      -0.28090333787003308       0.27899592850262955       -4.7261269518537652E-002  0.20436223975451184      -0.10837251476593779       0.27776061305204020     
   2.8275000000000001      -0.82177637339421139       0.32747566566753705      -0.29645784152816701       0.30792588096720019      -0.11034985482777473       0.27710082585369883      -0.28232668471081557       0.27820636175547125       -4.8791271631990978E-002  0.20450612300752374      -0.11034985482777473       0.27710082585369883     
   2.8424999999999998      -0.82271158070283268       0.32600290949130534      -0.29789563359496801       0.30675426233622710      -0.11229885968604619       0.27643511094332429      -0.28373291048984656       0.27741639806970880       -5.0309562386171180E-002  0.20463559435449413      -0.11229885968604619       0.27643511094332429     
   2.8574999999999999      -0.82363344010766015       0.32454198997248268      -0.29931291424304740       0.30558834476738633      -0.11422005400095847       0.27576384085895878      -0.28512225355580639       0.27662617863633521       -5.1816140425026851E-002  0.20475101808994139      -0.11422005400095847       0.27576384085895878     
   2.8725000000000001      -0.82454220112096199       0.32309278827645727      -0.30071004547750313       0.30442816457525040      -0.11611392914289172       0.27508737248357085      -0.28649495323266205       0.27583583948374218       -5.3310989082172952E-002  0.20485274766099817      -0.11611392914289172       0.27508737248357085     
   2.8875000000000002      -0.82543810184225896       0.32165518646116775      -0.30208741444205106       0.30327375357122432      -0.11798102873284438       0.27440604763246257      -0.28785124310250210       0.27504551148275591       -5.4794158139770885E-002  0.20494112823058452      -0.11798102873284438       0.27440604763246257     
   2.9024999999999999      -0.82632138260027832       0.32022906763052050      -0.30344537720469295       0.30212514147202557      -0.11982182291715933       0.27372019387545110      -0.28919135564797094       0.27425532063397023       -5.6265640694624697E-002  0.20501649835937585      -0.11982182291715933       0.27372019387545110     
   2.9175000000000000      -0.82719226998839002       0.31881431587831455      -0.30478428824412618       0.30098235820381880      -0.12163679064050603       0.27303012504805269      -0.29051551923453689       0.27346538817237431       -5.7725455427155459E-002  0.20507919158235621      -0.12163679064050603       0.27303012504805269     
   2.9325000000000001      -0.82805098862002480       0.31741081628340462      -0.30610449164907383       0.29984542031359668      -0.12342640081058137       0.27233614187330046      -0.29182395741362510       0.27267583071140178       -5.9173623589553553E-002  0.20512952719163394      -0.12342640081058137       0.27233614187330046     
   2.9474999999999998      -0.82889776041334051       0.31601845533512829      -0.30740632717674787       0.29871434971280986      -0.12519111200532590       0.27163853254933135      -0.29311689300309757       0.27188676075309270       -6.0610172759622889E-002  0.20516782299356237      -0.12519111200532590       0.27163853254933135     
   2.9624999999999999      -0.82973279706888947       0.31463711995120824      -0.30869012530454121       0.29758916309573735      -0.12693137150173500       0.27093757325305867      -0.29439454317492869       0.27109828598482399       -6.2035133102044886E-002  0.20519438817365521      -0.12693137150173500       0.27093757325305867     
   2.9775000000000000      -0.83055630325339302       0.31326669849370636      -0.30995619775744315       0.29646987446769291      -0.12864762198183086       0.27023352867637085      -0.29565711539804962       0.27031051028880743       -6.3448530461070518E-002  0.20520952502659959      -0.12864762198183086       0.27023352867637085     
   2.9925000000000002      -0.83136851525259503       0.31190708028901504      -0.31120489716622279       0.29535649503226125      -0.13034028868718339       0.26952665121584146      -0.29690484978315645       0.26952353346287883       -6.4850427077696976E-002  0.20521352893221467      -0.13034028868718339       0.26952665121584146     
